0 	-1 	1 	60	0	0
1 	-0.49199 	0.5 	60	0	0
2 	-0.288061 	0.302319 	60	0	0
3 	-0.188954 	0.209277 	60	0	0
4 	-0.131812 	0.158214 	60	0	0
5 	-0.094196 	0.126564 	60	0	0
6 	-0.0670106 	0.105048 	60	0	0
7 	-0.0461392 	0.0893439 	60	0	0
8 	-0.0295938 	0.0772113 	60	0	0
9 	-0.0164767 	0.0673783 	60	0	0
10 	-0.00669223 	0.0590699 	60	0	0
11 	-0.00115048 	0.0517866 	60	0	0
12 	-2.3597e-05 	0.0451924 	60	0	0
13 	-7.84491e-09 	0.0390548 	60	0	0
14 	-7.3578e-16 	0.0332108 	60	0	0
15 	0 	0.0275461 	60	0	0
16 	0 	0.0219826 	60	0	0
17 	0 	0.0164694 	60	0	0
18 	0 	0.0109763 	60	0	0
19 	0 	0.00548813 	60	0	0
20 	-0.49199 	0.5 	60	0	0
21 	-0.376715 	0.395362 	60	0	0
22 	-0.264766 	0.290723 	60	0	0
23 	-0.186396 	0.218359 	60	0	0
24 	-0.132939 	0.170452 	60	0	0
25 	-0.0951042 	0.137948 	60	0	0
26 	-0.0670213 	0.114939 	60	0	0
27 	-0.0453336 	0.0979052 	60	0	0
28 	-0.0282121 	0.0847447 	60	0	0
29 	-0.0148287 	0.074162 	60	0	0
30 	-0.00529498 	0.0653282 	60	0	0
31 	-0.000669753 	0.0576917 	60	0	0
32 	-7.60441e-06 	0.0508733 	60	0	0
33 	-8.07434e-10 	0.0446053 	60	0	0
34 	-7.65635e-18 	0.0386961 	60	0	0
35 	0 	0.0330084 	60	0	0
36 	0 	0.0274456 	60	0	0
37 	0 	0.0219425 	60	0	0
38 	0 	0.0164594 	60	0	0
39 	0 	0.0109763 	60	0	0
40 	-0.288061 	0.302319 	60	0	0
41 	-0.264766 	0.290723 	60	0	0
42 	-0.212264 	0.246853 	60	0	0
43 	-0.161626 	0.202983 	60	0	0
44 	-0.120155 	0.167288 	60	0	0
45 	-0.0874775 	0.139835 	60	0	0
46 	-0.0616902 	0.118854 	60	0	0
47 	-0.0411129 	0.102594 	60	0	0
48 	-0.0246524 	0.0897002 	60	0	0
49 	-0.0119019 	0.079197 	60	0	0
50 	-0.00343341 	0.0703892 	60	0	0
51 	-0.000255916 	0.0627788 	60	0	0
52 	-1.05487e-06 	0.0560037 	60	0	0
53 	-1.53131e-11 	0.0497969 	60	0	0
54 	0 	0.04396 	60	0	0
55 	0 	0.038346 	60	0	0
56 	0 	0.0328487 	60	0	0
57 	0 	0.0273956 	60	0	0
58 	0 	0.0219425 	60	0	0
59 	0 	0.0164694 	60	0	0
60 	-0.188954 	0.209277 	60	0	0
61 	-0.186396 	0.218359 	60	0	0
62 	-0.161626 	0.202983 	60	0	0
63 	-0.13053 	0.179433 	60	0	0
64 	-0.100696 	0.155882 	60	0	0
65 	-0.0746177 	0.13525 	60	0	0
66 	-0.0526077 	0.118049 	60	0	0
67 	-0.0343187 	0.103915 	60	0	0
68 	-0.0194398 	0.0922654 	60	0	0
69 	-0.00814883 	0.0825366 	60	0	0
70 	-0.00161387 	0.0742528 	60	0	0
71 	-5.01081e-05 	0.0670305 	60	0	0
72 	-3.88194e-08 	0.0605658 	60	0	0
73 	-2.03433e-14 	0.0546187 	60	0	0
74 	0 	0.0490009 	60	0	0
75 	0 	0.0435667 	60	0	0
76 	0 	0.0382077 	60	0	0
77 	0 	0.0328487 	60	0	0
78 	0 	0.0274456 	60	0	0
79 	0 	0.0219826 	60	0	0
80 	-0.131812 	0.158214 	60	0	0
81 	-0.132939 	0.170452 	60	0	0
82 	-0.120155 	0.167288 	60	0	0
83 	-0.100696 	0.155882 	60	0	0
84 	-0.0796091 	0.141558 	60	0	0
85 	-0.0595184 	0.127234 	60	0	0
86 	-0.041523 	0.114177 	60	0	0
87 	-0.0260252 	0.102752 	60	0	0
88 	-0.0133363 	0.0929096 	60	0	0
89 	-0.00430127 	0.0844312 	60	0	0
90 	-0.000422977 	0.0770549 	60	0	0
91 	-3.08271e-06 	0.0705248 	60	0	0
92 	-1.42275e-10 	0.0646103 	60	0	0
93 	-2.54726e-19 	0.0591111 	60	0	0
94 	0 	0.0538581 	60	0	0
95 	0 	0.0487124 	60	0	0
96 	0 	0.0435667 	60	0	0
97 	0 	0.038346 	60	0	0
98 	0 	0.0330084 	60	0	0
99 	0 	0.0275461 	60	0	0
100 	-0.094196 	0.126564 	60	0	0
101 	-0.0951042 	0.137948 	60	0	0
102 	-0.0874775 	0.139835 	60	0	0
103 	-0.0746177 	0.13525 	60	0	0
104 	-0.0595184 	0.127234 	60	0	0
105 	-0.0442063 	0.117952 	60	0	0
106 	-0.0298785 	0.108671 	60	0	0
107 	-0.0172931 	0.100008 	60	0	0
108 	-0.00727375 	0.0921896 	60	0	0
109 	-0.00136473 	0.0852237 	60	0	0
110 	-3.67298e-05 	0.0790107 	60	0	0
111 	-2.17387e-08 	0.0734034 	60	0	0
112 	-6.87879e-15 	0.0682394 	60	0	0
113 	0 	0.0633576 	60	0	0
114 	0 	0.0586078 	60	0	0
115 	0 	0.0538581 	60	0	0
116 	0 	0.0490009 	60	0	0
117 	0 	0.04396 	60	0	0
118 	0 	0.0386961 	60	0	0
119 	0 	0.0332108 	60	0	0
120 	-0.0670106 	0.105048 	60	0	0
121 	-0.0670213 	0.114939 	60	0	0
122 	-0.0616902 	0.118854 	60	0	0
123 	-0.0526077 	0.118049 	60	0	0
124 	-0.041523 	0.114177 	60	0	0
125 	-0.0298785 	0.108671 	60	0	0
126 	-0.0187664 	0.102545 	60	0	0
127 	-0.00916735 	0.0964195 	60	0	0
128 	-0.00246801 	0.0906172 	60	0	0
129 	-0.000143692 	0.0852635 	60	0	0
130 	-3.60129e-07 	0.0803607 	60	0	0
131 	-2.0071e-12 	0.0758387 	60	0	0
132 	0 	0.0715864 	60	0	0
133 	0 	0.067472 	60	0	0
134 	0 	0.0633576 	60	0	0
135 	0 	0.0591111 	60	0	0
136 	0 	0.0546187 	60	0	0
137 	0 	0.0497969 	60	0	0
138 	0 	0.0446053 	60	0	0
139 	0 	0.0390548 	60	0	0
140 	-0.0461392 	0.0893439 	60	0	0
141 	-0.0453336 	0.0979052 	60	0	0
142 	-0.0411129 	0.102594 	60	0	0
143 	-0.0343187 	0.103915 	60	0	0
144 	-0.0260252 	0.102752 	60	0	0
145 	-0.0172931 	0.100008 	60	0	0
146 	-0.00916735 	0.0964195 	60	0	0
147 	-0.00295882 	0.0925079 	60	0	0
148 	-0.000265096 	0.0885962 	60	0	0
149 	-1.46097e-06 	0.0848522 	60	0	0
150 	-3.54368e-11 	0.08133 	60	0	0
151 	-1.13179e-20 	0.0780044 	60	0	0
152 	0 	0.0747954 	60	0	0
153 	0 	0.0715864 	60	0	0
154 	0 	0.0682394 	60	0	0
155 	0 	0.0646103 	60	0	0
156 	0 	0.0605658 	60	0	0
157 	0 	0.0560037 	60	0	0
158 	0 	0.0508733 	60	0	0
159 	0 	0.0451924 	60	0	0
160 	-0.0295938 	0.0772113 	60	0	0
161 	-0.0282121 	0.0847447 	60	0	0
162 	-0.0246524 	0.0897002 	60	0	0
163 	-0.0194398 	0.0922654 	60	0	0
164 	-0.0133363 	0.0929096 	60	0	0
165 	-0.00727375 	0.0921896 	60	0	0
166 	-0.00246801 	0.0906172 	60	0	0
167 	-0.000265096 	0.0885962 	60	0	0
168 	-2.21806e-06 	0.0864076 	60	0	0
169 	-1.08047e-10 	0.084219 	60	0	0
170 	-1.69915e-19 	0.0821026 	60	0	0
171 	0 	0.0800535 	60	0	0
172 	0 	0.0780044 	60	0	0
173 	0 	0.0758387 	60	0	0
174 	0 	0.0734034 	60	0	0
175 	0 	0.0705248 	60	0	0
176 	0 	0.0670305 	60	0	0
177 	0 	0.0627788 	60	0	0
178 	0 	0.0576917 	60	0	0
179 	0 	0.0517866 	60	0	0
180 	-0.0164767 	0.0673783 	60	0	0
181 	-0.0148287 	0.074162 	60	0	0
182 	-0.0119019 	0.079197 	60	0	0
183 	-0.00814883 	0.0825366 	60	0	0
184 	-0.00430127 	0.0844312 	60	0	0
185 	-0.00136473 	0.0852237 	60	0	0
186 	-0.000143692 	0.0852635 	60	0	0
187 	-1.46097e-06 	0.0848522 	60	0	0
188 	-1.08047e-10 	0.084219 	60	0	0
189 	-3.13019e-19 	0.0835135 	60	0	0
190 	0 	0.0828081 	60	0	0
191 	0 	0.0821026 	60	0	0
192 	0 	0.08133 	60	0	0
193 	0 	0.0803607 	60	0	0
194 	0 	0.0790107 	60	0	0
195 	0 	0.0770549 	60	0	0
196 	0 	0.0742528 	60	0	0
197 	0 	0.0703892 	60	0	0
198 	0 	0.0653282 	60	0	0
199 	0 	0.0590699 	60	0	0
200 	-0.00669223 	0.0590699 	60	0	0
201 	-0.00529498 	0.0653282 	60	0	0
202 	-0.00343341 	0.0703892 	60	0	0
203 	-0.00161387 	0.0742528 	60	0	0
204 	-0.000422977 	0.0770549 	60	0	0
205 	-3.67298e-05 	0.0790107 	60	0	0
206 	-3.60129e-07 	0.0803607 	60	0	0
207 	-3.54368e-11 	0.08133 	60	0	0
208 	-1.69915e-19 	0.0821026 	60	0	0
209 	0 	0.0828081 	60	0	0
210 	0 	0.0835135 	60	0	0
211 	0 	0.084219 	60	0	0
212 	0 	0.0848522 	60	0	0
213 	0 	0.0852635 	60	0	0
214 	0 	0.0852237 	60	0	0
215 	0 	0.0844312 	60	0	0
216 	0 	0.0825366 	60	0	0
217 	0 	0.079197 	60	0	0
218 	0 	0.074162 	60	0	0
219 	0 	0.0673783 	60	0	0
220 	-0.00115048 	0.0517866 	60	0	0
221 	-0.000669753 	0.0576917 	60	0	0
222 	-0.000255916 	0.0627788 	60	0	0
223 	-5.01081e-05 	0.0670305 	60	0	0
224 	-3.08271e-06 	0.0705248 	60	0	0
225 	-2.17387e-08 	0.0734034 	60	0	0
226 	-2.0071e-12 	0.0758387 	60	0	0
227 	-1.13179e-20 	0.0780044 	60	0	0
228 	0 	0.0800535 	60	0	0
229 	0 	0.0821026 	60	0	0
230 	0 	0.084219 	60	0	0
231 	0 	0.0864076 	60	0	0
232 	0 	0.0885962 	60	0	0
233 	0 	0.0906172 	60	0	0
234 	0 	0.0921896 	60	0	0
235 	0 	0.0929096 	60	0	0
236 	0 	0.0922654 	60	0	0
237 	0 	0.0897002 	60	0	0
238 	0 	0.0847447 	60	0	0
239 	0 	0.0772113 	60	0	0
240 	-2.3597e-05 	0.0451924 	60	0	0
241 	-7.60441e-06 	0.0508733 	60	0	0
242 	-1.05487e-06 	0.0560037 	60	0	0
243 	-3.88194e-08 	0.0605658 	60	0	0
244 	-1.42275e-10 	0.0646103 	60	0	0
245 	-6.87879e-15 	0.0682394 	60	0	0
246 	0 	0.0715864 	60	0	0
247 	0 	0.0747954 	60	0	0
248 	0 	0.0780044 	60	0	0
249 	0 	0.08133 	60	0	0
250 	0 	0.0848522 	60	0	0
251 	0 	0.0885962 	60	0	0
252 	0 	0.0925079 	60	0	0
253 	0 	0.0964195 	60	0	0
254 	0 	0.100008 	60	0	0
255 	0 	0.102752 	60	0	0
256 	0 	0.103915 	60	0	0
257 	0 	0.102594 	60	0	0
258 	0 	0.0979052 	60	0	0
259 	0 	0.0893439 	60	0	0
260 	-7.84491e-09 	0.0390548 	60	0	0
261 	-8.07434e-10 	0.0446053 	60	0	0
262 	-1.53131e-11 	0.0497969 	60	0	0
263 	-2.03433e-14 	0.0546187 	60	0	0
264 	-2.54726e-19 	0.0591111 	60	0	0
265 	0 	0.0633576 	60	0	0
266 	0 	0.067472 	60	0	0
267 	0 	0.0715864 	60	0	0
268 	0 	0.0758387 	60	0	0
269 	0 	0.0803607 	60	0	0
270 	0 	0.0852635 	60	0	0
271 	0 	0.0906172 	60	0	0
272 	0 	0.0964195 	60	0	0
273 	0 	0.102545 	60	0	0
274 	0 	0.108671 	60	0	0
275 	0 	0.114177 	60	0	0
276 	0 	0.118049 	60	0	0
277 	0 	0.118854 	60	0	0
278 	0 	0.114939 	60	0	0
279 	0 	0.105048 	60	0	0
280 	-7.3578e-16 	0.0332108 	60	0	0
281 	-7.65635e-18 	0.0386961 	60	0	0
282 	0 	0.04396 	60	0	0
283 	0 	0.0490009 	60	0	0
284 	0 	0.0538581 	60	0	0
285 	0 	0.0586078 	60	0	0
286 	0 	0.0633576 	60	0	0
287 	0 	0.0682394 	60	0	0
288 	0 	0.0734034 	60	0	0
289 	0 	0.0790107 	60	0	0
290 	0 	0.0852237 	60	0	0
291 	0 	0.0921896 	60	0	0
292 	0 	0.100008 	60	0	0
293 	0 	0.108671 	60	0	0
294 	0 	0.117952 	60	0	0
295 	0 	0.127234 	60	0	0
296 	0 	0.13525 	60	0	0
297 	0 	0.139835 	60	0	0
298 	0 	0.137948 	60	0	0
299 	0 	0.126564 	60	0	0
300 	0 	0.0275461 	60	0	0
301 	0 	0.0330084 	60	0	0
302 	0 	0.038346 	60	0	0
303 	0 	0.0435667 	60	0	0
304 	0 	0.0487124 	60	0	0
305 	0 	0.0538581 	60	0	0
306 	0 	0.0591111 	60	0	0
307 	0 	0.0646103 	60	0	0
308 	0 	0.0705248 	60	0	0
309 	0 	0.0770549 	60	0	0
310 	0 	0.0844312 	60	0	0
311 	0 	0.0929096 	60	0	0
312 	0 	0.102752 	60	0	0
313 	0 	0.114177 	60	0	0
314 	0 	0.127234 	60	0	0
315 	0 	0.141558 	60	0	0
316 	0 	0.155882 	60	0	0
317 	0 	0.167288 	60	0	0
318 	0 	0.170452 	60	0	0
319 	0 	0.158214 	60	0	0
320 	0 	0.0219826 	60	0	0
321 	0 	0.0274456 	60	0	0
322 	0 	0.0328487 	60	0	0
323 	0 	0.0382077 	60	0	0
324 	0 	0.0435667 	60	0	0
325 	0 	0.0490009 	60	0	0
326 	0 	0.0546187 	60	0	0
327 	0 	0.0605658 	60	0	0
328 	0 	0.0670305 	60	0	0
329 	0 	0.0742528 	60	0	0
330 	0 	0.0825366 	60	0	0
331 	0 	0.0922654 	60	0	0
332 	0 	0.103915 	60	0	0
333 	0 	0.118049 	60	0	0
334 	0 	0.13525 	60	0	0
335 	0 	0.155882 	60	0	0
336 	0 	0.179433 	60	0	0
337 	0 	0.202983 	60	0	0
338 	0 	0.218359 	60	0	0
339 	0 	0.209277 	60	0	0
340 	0 	0.0164694 	60	0	0
341 	0 	0.0219425 	60	0	0
342 	0 	0.0273956 	60	0	0
343 	0 	0.0328487 	60	0	0
344 	0 	0.038346 	60	0	0
345 	0 	0.04396 	60	0	0
346 	0 	0.0497969 	60	0	0
347 	0 	0.0560037 	60	0	0
348 	0 	0.0627788 	60	0	0
349 	0 	0.0703892 	60	0	0
350 	0 	0.079197 	60	0	0
351 	0 	0.0897002 	60	0	0
352 	0 	0.102594 	60	0	0
353 	0 	0.118854 	60	0	0
354 	0 	0.139835 	60	0	0
355 	0 	0.167288 	60	0	0
356 	0 	0.202983 	60	0	0
357 	0 	0.246853 	60	0	0
358 	0 	0.290723 	60	0	0
359 	0 	0.302319 	60	0	0
360 	0 	0.0109763 	60	0	0
361 	0 	0.0164594 	60	0	0
362 	0 	0.0219425 	60	0	0
363 	0 	0.0274456 	60	0	0
364 	0 	0.0330084 	60	0	0
365 	0 	0.0386961 	60	0	0
366 	0 	0.0446053 	60	0	0
367 	0 	0.0508733 	60	0	0
368 	0 	0.0576917 	60	0	0
369 	0 	0.0653282 	60	0	0
370 	0 	0.074162 	60	0	0
371 	0 	0.0847447 	60	0	0
372 	0 	0.0979052 	60	0	0
373 	0 	0.114939 	60	0	0
374 	0 	0.137948 	60	0	0
375 	0 	0.170452 	60	0	0
376 	0 	0.218359 	60	0	0
377 	0 	0.290723 	60	0	0
378 	0 	0.395362 	60	0	0
379 	0 	0.5 	60	0	0
380 	0 	0.00548813 	60	0	0
381 	0 	0.0109763 	60	0	0
382 	0 	0.0164694 	60	0	0
383 	0 	0.0219826 	60	0	0
384 	0 	0.0275461 	60	0	0
385 	0 	0.0332108 	60	0	0
386 	0 	0.0390548 	60	0	0
387 	0 	0.0451924 	60	0	0
388 	0 	0.0517866 	60	0	0
389 	0 	0.0590699 	60	0	0
390 	0 	0.0673783 	60	0	0
391 	0 	0.0772113 	60	0	0
392 	0 	0.0893439 	60	0	0
393 	0 	0.105048 	60	0	0
394 	0 	0.126564 	60	0	0
395 	0 	0.158214 	60	0	0
396 	0 	0.209277 	60	0	0
397 	0 	0.302319 	60	0	0
398 	0 	0.5 	60	0	0
399 	0 	1 	60	0	0
0 	-1 	1 	60	0.961215	0.961215
1 	-0.499737 	0.5 	60	0.93427	0.93427
2 	-0.301468 	0.302141 	60	0.906035	0.906035
3 	-0.207206 	0.208473 	60	0.876018	0.876018
4 	-0.154642 	0.156707 	60	0.843617	0.843617
5 	-0.121372 	0.124447 	60	0.807592	0.807592
6 	-0.0981502 	0.102469 	60	0.765693	0.765693
7 	-0.0806242 	0.0864605 	60	0.713711	0.713711
8 	-0.0664653 	0.0741755 	60	0.64275	0.64275
9 	-0.0542279 	0.0643438 	60	0.530593	0.530593
10 	-0.0427565 	0.0562396 	60	0.322797	0.322797
11 	-0.0305261 	0.0493533 	60	0.0674065	0.0674065
12 	-0.0173783 	0.0436501 	60	0.00141528	0.00141528
13 	-0.00660938 	0.0382173 	60	4.70689e-07	4.70689e-07
14 	-0.00083282 	0.0327222 	60	0	0
15 	-7.3675e-06 	0.0272441 	60	0	0
16 	-4.26117e-10 	0.0217904 	60	0	0
17 	-1.04602e-18 	0.0163477 	60	0	0
18 	0 	0.0109041 	60	0	0
19 	0 	0.00545445 	60	0	0
20 	-0.499737 	0.5 	60	0.93427	0.93427
21 	-0.394837 	0.395718 	60	0.911782	0.911782
22 	-0.289965 	0.291527 	60	0.886797	0.886797
23 	-0.216742 	0.219108 	60	0.859107	0.859107
24 	-0.167471 	0.170813 	60	0.828129	0.828129
25 	-0.133285 	0.137813 	60	0.792629	0.792629
26 	-0.10838 	0.114356 	60	0.750238	0.750238
27 	-0.0892477 	0.097006 	60	0.696282	0.696282
28 	-0.0736854 	0.0836967 	60	0.620456	0.620456
29 	-0.0600903 	0.073098 	60	0.496211	0.496211
30 	-0.0469517 	0.06435 	60	0.266586	0.266586
31 	-0.0322294 	0.0561893 	60	0.0395969	0.0395969
32 	-0.017491 	0.049601 	60	0.000456201	0.000456201
33 	-0.00620864 	0.0438012 	60	4.81446e-08	4.81446e-08
34 	-0.000691561 	0.0381834 	60	0	0
35 	-4.99301e-06 	0.0326733 	60	0	0
36 	-1.9556e-10 	0.027222 	60	0	0
37 	-2.15331e-19 	0.0217923 	60	0	0
38 	0 	0.0163598 	60	0	0
39 	0 	0.0109137 	60	0	0
40 	-0.301468 	0.302141 	60	0.906035	0.906035
41 	-0.289965 	0.291527 	60	0.886797	0.886797
42 	-0.245871 	0.24837 	60	0.864041	0.864041
43 	-0.201207 	0.20474 	60	0.837831	0.837831
44 	-0.164168 	0.168888 	60	0.807554	0.807554
45 	-0.134938 	0.141056 	60	0.771811	0.771811
46 	-0.111837 	0.119639 	60	0.727841	0.727841
47 	-0.0931237 	0.103002 	60	0.67	0.67
48 	-0.077317 	0.0898637 	60	0.585277	0.585277
49 	-0.0630568 	0.0792821 	60	0.439298	0.439298
50 	-0.0486735 	0.0706205 	60	0.184498	0.184498
51 	-0.0320242 	0.062119 	60	0.0152645	0.0152645
52 	-0.0164716 	0.0552362 	60	6.32909e-05	6.32909e-05
53 	-0.00525402 	0.0492123 	60	0	0
54 	-0.000458735 	0.0435369 	60	0	0
55 	-2.14146e-06 	0.0380436 	60	0	0
56 	-3.59288e-11 	0.0326322 	60	0	0
57 	-2.39966e-21 	0.0272395 	60	0	0
58 	0 	0.0218291 	60	0	0
59 	0 	0.0163861 	60	0	0
60 	-0.207206 	0.208473 	60	0.876018	0.876018
61 	-0.216742 	0.219108 	60	0.859107	0.859107
62 	-0.201207 	0.20474 	60	0.837831	0.837831
63 	-0.176859 	0.18166 	60	0.812331	0.812331
64 	-0.151905 	0.158128 	60	0.781887	0.781887
65 	-0.129341 	0.137208 	60	0.744781	0.744781
66 	-0.10974 	0.119571 	60	0.697522	0.697522
67 	-0.0927228 	0.104988 	60	0.632673	0.632673
68 	-0.077542 	0.0929964 	60	0.532162	0.532162
69 	-0.0632025 	0.0832859 	60	0.349722	0.349722
70 	-0.0475316 	0.0750146 	60	0.0922372	0.0922372
71 	-0.0297689 	0.0668897 	60	0.00300284	0.00300284
72 	-0.0143415 	0.0602246 	60	2.32819e-06	2.32819e-06
73 	-0.00389188 	0.0542762 	60	0	0
74 	-0.000229492 	0.0487084 	60	0	0
75 	-5.22875e-07 	0.0433321 	60	0	0
76 	-2.14057e-12 	0.0380237 	60	0	0
77 	0 	0.0327046 	60	0	0
78 	0 	0.0273309 	60	0	0
79 	0 	0.021888 	60	0	0
80 	-0.154642 	0.156707 	60	0.843617	0.843617
81 	-0.167471 	0.170813 	60	0.828129	0.828129
82 	-0.164168 	0.168888 	60	0.807554	0.807554
83 	-0.151905 	0.158128 	60	0.781887	0.781887
84 	-0.136044 	0.143943 	60	0.75014	0.75014
85 	-0.119556 	0.129386 	60	0.710006	0.710006
86 	-0.103733 	0.115873 	60	0.656658	0.656658
87 	-0.088891 	0.103925 	60	0.579244	0.579244
88 	-0.0747505 	0.0936978 	60	0.450114	0.450114
89 	-0.0605108 	0.0855382 	60	0.218694	0.218694
90 	-0.0434583 	0.0777982 	60	0.0250729	0.0250729
91 	-0.0258342 	0.0706688 	60	0.000184948	0.000184948
92 	-0.0113456 	0.0645414 	60	8.31943e-09	8.31943e-09
93 	-0.0024014 	0.0589594 	60	0	0
94 	-7.88069e-05 	0.0536883 	60	0	0
95 	-6.06869e-08 	0.0485526 	60	0	0
96 	-2.88934e-14 	0.0434259 	60	0	0
97 	0 	0.0382241 	60	0	0
98 	0 	0.0329018 	60	0	0
99 	0 	0.027449 	60	0	0
100 	-0.121372 	0.124447 	60	0.807592	0.807592
101 	-0.133285 	0.137813 	60	0.792629	0.792629
102 	-0.134938 	0.141056 	60	0.771811	0.771811
103 	-0.129341 	0.137208 	60	0.744781	0.744781
104 	-0.119556 	0.129386 	60	0.710006	0.710006
105 	-0.107769 	0.119876 	60	0.664055	0.664055
106 	-0.0952355 	0.110093 	60	0.599465	0.599465
107 	-0.0824566 	0.10085 	60	0.498401	0.498401
108 	-0.069333 	0.0927716 	60	0.318351	0.318351
109 	-0.0545855 	0.0861737 	60	0.0782056	0.0782056
110 	-0.0370364 	0.0795661 	60	0.00220148	0.00220148
111 	-0.0207499 	0.0736613 	60	1.30432e-06	1.30432e-06
112 	-0.00787577 	0.0683152 	60	0	0
113 	-0.00112284 	0.0633317 	60	0	0
114 	-1.5684e-05 	0.0585329 	60	0	0
115 	-2.39462e-09 	0.0537642 	60	0	0
116 	-4.53389e-17 	0.0489031 	60	0	0
117 	0 	0.0438643 	60	0	0
118 	0 	0.0386032 	60	0	0
119 	0 	0.0331182 	60	0	0
120 	-0.0981502 	0.102469 	60	0.765693	0.765693
121 	-0.10838 	0.114356 	60	0.750238	0.750238
122 	-0.111837 	0.119639 	60	0.727841	0.727841
123 	-0.10974 	0.119571 	60	0.697522	0.697522
124 	-0.103733 	0.115873 	60	0.656658	0.656658
125 	-0.0952355 	0.110093 	60	0.599465	0.599465
126 	-0.0851838 	0.103412 	60	0.512715	0.512715
127 	-0.073972 	0.0967385 	60	0.365005	0.365005
128 	-0.0613189 	0.0910575 	60	0.134893	0.134893
129 	-0.0456737 	0.0858738 	60	0.00858319	0.00858319
130 	-0.0293612 	0.0808051 	60	2.16074e-05	2.16074e-05
131 	-0.0150491 	0.0761141 	60	0	0
132 	-0.00446605 	0.0717264 	60	0	0
133 	-0.000333614 	0.0675192 	60	0	0
134 	-1.30799e-06 	0.0633474 	60	0	0
135 	-1.68004e-11 	0.0590682 	60	0	0
136 	-1.10071e-22 	0.0545581 	60	0	0
137 	0 	0.0497267 	60	0	0
138 	0 	0.0445286 	60	0	0
139 	0 	0.0389715 	60	0	0
140 	-0.0806242 	0.0864605 	60	0.713711	0.713711
141 	-0.0892477 	0.097006 	60	0.696282	0.696282
142 	-0.0931237 	0.103002 	60	0.67	0.67
143 	-0.0927228 	0.104988 	60	0.632673	0.632673
144 	-0.088891 	0.103925 	60	0.579244	0.579244
145 	-0.0824566 	0.10085 	60	0.498401	0.498401
146 	-0.073972 	0.0967385 	60	0.365005	0.365005
147 	-0.0635197 	0.0926425 	60	0.158041	0.158041
148 	-0.0502512 	0.0890269 	60	0.0157693	0.0157693
149 	-0.0352627 	0.0853024 	60	8.76533e-05	8.76533e-05
150 	-0.0212355 	0.0816959 	60	1.64767e-09	1.64767e-09
151 	-0.00929559 	0.0782638 	60	0	0
152 	-0.0017738 	0.074957 	60	0	0
153 	-4.65988e-05 	0.0716712 	60	0	0
154 	-2.52714e-08 	0.0682693 	60	0	0
155 	-6.41522e-15 	0.0646032 	60	0	0
156 	0 	0.0605343 	60	0	0
157 	0 	0.0559557 	60	0	0
158 	0 	0.050813 	60	0	0
159 	0 	0.0451211 	60	0	0
160 	-0.0664653 	0.0741755 	60	0.64275	0.64275
161 	-0.0736854 	0.0836967 	60	0.620456	0.620456
162 	-0.077317 	0.0898637 	60	0.585277	0.585277
163 	-0.077542 	0.0929964 	60	0.532162	0.532162
164 	-0.0747505 	0.0936978 	60	0.450114	0.450114
165 	-0.069333 	0.0927716 	60	0.318351	0.318351
166 	-0.0613189 	0.0910575 	60	0.134893	0.134893
167 	-0.0502512 	0.0890269 	60	0.0157693	0.0157693
168 	-0.0373481 	0.086826 	60	0.000133074	0.000133074
169 	-0.0247235 	0.0845936 	60	6.12219e-09	6.12219e-09
170 	-0.0132312 	0.0824126 	60	0	0
171 	-0.00423791 	0.0802882 	60	0	0
172 	-0.000348931 	0.0781667 	60	0	0
173 	-1.66428e-06 	0.0759393 	60	0	0
174 	-3.30071e-11 	0.0734556 	60	0	0
175 	-3.5546e-21 	0.0705408 	60	0	0
176 	0 	0.0670202 	60	0	0
177 	0 	0.062749 	60	0	0
178 	0 	0.0576466 	60	0	0
179 	0 	0.0517282 	60	0	0
180 	-0.0542279 	0.0643438 	60	0.530593	0.530593
181 	-0.0600903 	0.073098 	60	0.496211	0.496211
182 	-0.0630568 	0.0792821 	60	0.439298	0.439298
183 	-0.0632025 	0.0832859 	60	0.349722	0.349722
184 	-0.0605108 	0.0855382 	60	0.218694	0.218694
185 	-0.0545855 	0.0861737 	60	0.0782056	0.0782056
186 	-0.0456737 	0.0858738 	60	0.00858319	0.00858319
187 	-0.0352627 	0.0853024 	60	8.76533e-05	8.76533e-05
188 	-0.0247235 	0.0845936 	60	6.12219e-09	6.12219e-09
189 	-0.014703 	0.0838331 	60	0	0
190 	-0.00611662 	0.0830726 	60	0	0
191 	-0.0009736 	0.0823099 	60	0	0
192 	-1.62013e-05 	0.0814821 	60	0	0
193 	-3.60049e-09 	0.0804638 	60	0	0
194 	-1.60958e-16 	0.0790728 	60	0	0
195 	0 	0.0770844 	60	0	0
196 	0 	0.0742568 	60	0	0
197 	0 	0.0703733 	60	0	0
198 	0 	0.0652962 	60	0	0
199 	0 	0.0590241 	60	0	0
200 	-0.0427565 	0.0562396 	60	0.322797	0.322797
201 	-0.0469517 	0.06435 	60	0.266586	0.266586
202 	-0.0486735 	0.0706205 	60	0.184498	0.184498
203 	-0.0475316 	0.0750146 	60	0.0922372	0.0922372
204 	-0.0434583 	0.0777982 	60	0.0250729	0.0250729
205 	-0.0370364 	0.0795661 	60	0.00220148	0.00220148
206 	-0.0293612 	0.0808051 	60	2.16074e-05	2.16074e-05
207 	-0.0212355 	0.0816959 	60	1.64767e-09	1.64767e-09
208 	-0.0132312 	0.0824126 	60	0	0
209 	-0.00611662 	0.0830726 	60	0	0
210 	-0.00133891 	0.0837347 	60	0	0
211 	-4.43225e-05 	0.0843968 	60	0	0
212 	-3.33058e-08 	0.084988 	60	0	0
213 	-1.60075e-14 	0.0853608 	60	0	0
214 	0 	0.0852876 	60	0	0
215 	0 	0.084467 	60	0	0
216 	0 	0.0825494 	60	0	0
217 	0 	0.0791911 	60	0	0
218 	0 	0.0741407 	60	0	0
219 	0 	0.0673439 	60	0	0
220 	-0.0305261 	0.0493533 	60	0.0674065	0.0674065
221 	-0.0322294 	0.0561893 	60	0.0395969	0.0395969
222 	-0.0320242 	0.062119 	60	0.0152645	0.0152645
223 	-0.0297689 	0.0668897 	60	0.00300284	0.00300284
224 	-0.0258342 	0.0706688 	60	0.000184948	0.000184948
225 	-0.0207499 	0.0736613 	60	1.30432e-06	1.30432e-06
226 	-0.0150491 	0.0761141 	60	0	0
227 	-0.00929559 	0.0782638 	60	0	0
228 	-0.00423791 	0.0802882 	60	0	0
229 	-0.0009736 	0.0823099 	60	0	0
230 	-4.43225e-05 	0.0843968 	60	0	0
231 	-6.13728e-08 	0.0865545 	60	0	0
232 	-7.68256e-14 	0.0887122 	60	0	0
233 	0 	0.0907039 	60	0	0
234 	0 	0.0922498 	60	0	0
235 	0 	0.0929467 	60	0	0
236 	0 	0.0922827 	60	0	0
237 	0 	0.089701 	60	0	0
238 	0 	0.0847317 	60	0	0
239 	0 	0.0771867 	60	0	0
240 	-0.0173783 	0.0436501 	60	0.00141528	0.00141528
241 	-0.017491 	0.049601 	60	0.000456201	0.000456201
242 	-0.0164716 	0.0552362 	60	6.32909e-05	6.32909e-05
243 	-0.0143415 	0.0602246 	60	2.32819e-06	2.32819e-06
244 	-0.0113456 	0.0645414 	60	8.31943e-09	8.31943e-09
245 	-0.00787577 	0.0683152 	60	0	0
246 	-0.00446605 	0.0717264 	60	0	0
247 	-0.0017738 	0.074957 	60	0	0
248 	-0.000348931 	0.0781667 	60	0	0
249 	-1.62013e-05 	0.0814821 	60	0	0
250 	-3.33058e-08 	0.084988 	60	0	0
251 	-7.68256e-14 	0.0887122 	60	0	0
252 	0 	0.0926025 	60	0	0
253 	0 	0.0964928 	60	0	0
254 	0 	0.100061 	60	0	0
255 	0 	0.102787 	60	0	0
256 	0 	0.103934 	60	0	0
257 	0 	0.102599 	60	0	0
258 	0 	0.0978983 	60	0	0
259 	0 	0.0893272 	60	0	0
260 	-0.00660938 	0.0382173 	60	4.70689e-07	4.70689e-07
261 	-0.00620864 	0.0438012 	60	4.81446e-08	4.81446e-08
262 	-0.00525402 	0.0492123 	60	0	0
263 	-0.00389188 	0.0542762 	60	0	0
264 	-0.0024014 	0.0589594 	60	0	0
265 	-0.00112284 	0.0633317 	60	0	0
266 	-0.000333614 	0.0675192 	60	0	0
267 	-4.65988e-05 	0.0716712 	60	0	0
268 	-1.66428e-06 	0.0759393 	60	0	0
269 	-3.60049e-09 	0.0804638 	60	0	0
270 	-1.60075e-14 	0.0853608 	60	0	0
271 	0 	0.0907039 	60	0	0
272 	0 	0.0964928 	60	0	0
273 	0 	0.102604 	60	0	0
274 	0 	0.108715 	60	0	0
275 	0 	0.114207 	60	0	0
276 	0 	0.118067 	60	0	0
277 	0 	0.118861 	60	0	0
278 	0 	0.114936 	60	0	0
279 	0 	0.105037 	60	0	0
280 	-0.00083282 	0.0327222 	60	0	0
281 	-0.000691561 	0.0381834 	60	0	0
282 	-0.000458735 	0.0435369 	60	0	0
283 	-0.000229492 	0.0487084 	60	0	0
284 	-7.88069e-05 	0.0536883 	60	0	0
285 	-1.5684e-05 	0.0585329 	60	0	0
286 	-1.30799e-06 	0.0633474 	60	0	0
287 	-2.52714e-08 	0.0682693 	60	0	0
288 	-3.30071e-11 	0.0734556 	60	0	0
289 	-1.60958e-16 	0.0790728 	60	0	0
290 	0 	0.0852876 	60	0	0
291 	0 	0.0922498 	60	0	0
292 	0 	0.100061 	60	0	0
293 	0 	0.108715 	60	0	0
294 	0 	0.117987 	60	0	0
295 	0 	0.127259 	60	0	0
296 	0 	0.135266 	60	0	0
297 	0 	0.139842 	60	0	0
298 	0 	0.137947 	60	0	0
299 	0 	0.126558 	60	0	0
300 	-7.3675e-06 	0.0272441 	60	0	0
301 	-4.99301e-06 	0.0326733 	60	0	0
302 	-2.14146e-06 	0.0380436 	60	0	0
303 	-5.22875e-07 	0.0433321 	60	0	0
304 	-6.06869e-08 	0.0485526 	60	0	0
305 	-2.39462e-09 	0.0537642 	60	0	0
306 	-1.68004e-11 	0.0590682 	60	0	0
307 	-6.41522e-15 	0.0646032 	60	0	0
308 	-3.5546e-21 	0.0705408 	60	0	0
309 	0 	0.0770844 	60	0	0
310 	0 	0.084467 	60	0	0
311 	0 	0.0929467 	60	0	0
312 	0 	0.102787 	60	0	0
313 	0 	0.114207 	60	0	0
314 	0 	0.127259 	60	0	0
315 	0 	0.141577 	60	0	0
316 	0 	0.155895 	60	0	0
317 	0 	0.167295 	60	0	0
318 	0 	0.170453 	60	0	0
319 	0 	0.158211 	60	0	0
320 	-4.26117e-10 	0.0217904 	60	0	0
321 	-1.9556e-10 	0.027222 	60	0	0
322 	-3.59288e-11 	0.0326322 	60	0	0
323 	-2.14057e-12 	0.0380237 	60	0	0
324 	-2.88934e-14 	0.0434259 	60	0	0
325 	-4.53389e-17 	0.0489031 	60	0	0
326 	-1.10071e-22 	0.0545581 	60	0	0
327 	0 	0.0605343 	60	0	0
328 	0 	0.0670202 	60	0	0
329 	0 	0.0742568 	60	0	0
330 	0 	0.0825494 	60	0	0
331 	0 	0.0922827 	60	0	0
332 	0 	0.103934 	60	0	0
333 	0 	0.118067 	60	0	0
334 	0 	0.135266 	60	0	0
335 	0 	0.155895 	60	0	0
336 	0 	0.179441 	60	0	0
337 	0 	0.202988 	60	0	0
338 	0 	0.21836 	60	0	0
339 	0 	0.209276 	60	0	0
340 	-1.04602e-18 	0.0163477 	60	0	0
341 	-2.15331e-19 	0.0217923 	60	0	0
342 	-2.39966e-21 	0.0272395 	60	0	0
343 	0 	0.0327046 	60	0	0
344 	0 	0.0382241 	60	0	0
345 	0 	0.0438643 	60	0	0
346 	0 	0.0497267 	60	0	0
347 	0 	0.0559557 	60	0	0
348 	0 	0.062749 	60	0	0
349 	0 	0.0703733 	60	0	0
350 	0 	0.0791911 	60	0	0
351 	0 	0.089701 	60	0	0
352 	0 	0.102599 	60	0	0
353 	0 	0.118861 	60	0	0
354 	0 	0.139842 	60	0	0
355 	0 	0.167295 	60	0	0
356 	0 	0.202988 	60	0	0
357 	0 	0.246856 	60	0	0
358 	0 	0.290724 	60	0	0
359 	0 	0.302319 	60	0	0
360 	0 	0.0109041 	60	0	0
361 	0 	0.0163598 	60	0	0
362 	0 	0.0218291 	60	0	0
363 	0 	0.0273309 	60	0	0
364 	0 	0.0329018 	60	0	0
365 	0 	0.0386032 	60	0	0
366 	0 	0.0445286 	60	0	0
367 	0 	0.050813 	60	0	0
368 	0 	0.0576466 	60	0	0
369 	0 	0.0652962 	60	0	0
370 	0 	0.0741407 	60	0	0
371 	0 	0.0847317 	60	0	0
372 	0 	0.0978983 	60	0	0
373 	0 	0.114936 	60	0	0
374 	0 	0.137947 	60	0	0
375 	0 	0.170453 	60	0	0
376 	0 	0.21836 	60	0	0
377 	0 	0.290724 	60	0	0
378 	0 	0.395362 	60	0	0
379 	0 	0.5 	60	0	0
380 	0 	0.00545445 	60	0	0
381 	0 	0.0109137 	60	0	0
382 	0 	0.0163861 	60	0	0
383 	0 	0.021888 	60	0	0
384 	0 	0.027449 	60	0	0
385 	0 	0.0331182 	60	0	0
386 	0 	0.0389715 	60	0	0
387 	0 	0.0451211 	60	0	0
388 	0 	0.0517282 	60	0	0
389 	0 	0.0590241 	60	0	0
390 	0 	0.0673439 	60	0	0
391 	0 	0.0771867 	60	0	0
392 	0 	0.0893272 	60	0	0
393 	0 	0.105037 	60	0	0
394 	0 	0.126558 	60	0	0
395 	0 	0.158211 	60	0	0
396 	0 	0.209276 	60	0	0
397 	0 	0.302319 	60	0	0
398 	0 	0.5 	60	0	0
399 	0 	1 	60	0	0
0 	-1 	1 	60	0.992795	0.992795
1 	-0.499963 	0.5 	60	0.985281	0.985281
2 	-0.30248 	0.302591 	60	0.975867	0.975867
3 	-0.209474 	0.209709 	60	0.964752	0.964752
4 	-0.158338 	0.158758 	60	0.952079	0.952079
5 	-0.126587 	0.127262 	60	0.937794	0.937794
6 	-0.104998 	0.106006 	60	0.92159	0.92159
7 	-0.0892822 	0.0907145 	60	0.902767	0.902767
8 	-0.0772112 	0.079177 	60	0.879832	0.879832
9 	-0.0675023 	0.0701483 	60	0.849199	0.849199
10 	-0.0593306 	0.0628826 	60	0.80106	0.80106
11 	-0.0520454 	0.0569303 	60	0.720039	0.720039
12 	-0.0448591 	0.0518738 	60	0.591177	0.591177
13 	-0.0367706 	0.0471622 	60	0.338203	0.338203
14 	-0.0254269 	0.0412539 	60	0.0494383	0.0494383
15 	-0.0118699 	0.0335911 	60	0.000442018	0.000442018
16 	-0.00260948 	0.0262547 	60	2.52954e-08	2.52954e-08
17 	-6.16273e-05 	0.0193749 	60	0	0
18 	-1.759e-08 	0.0127814 	60	0	0
19 	-7.07651e-16 	0.00635308 	60	0	0
20 	-0.499963 	0.5 	60	0.985281	0.985281
21 	-0.394674 	0.394818 	60	0.978038	0.978038
22 	-0.29001 	0.290291 	60	0.969101	0.969101
23 	-0.217667 	0.218128 	60	0.958543	0.958543
24 	-0.169692 	0.170389 	60	0.946383	0.946383
25 	-0.137039 	0.138039 	60	0.932508	0.932508
26 	-0.113847 	0.11523 	60	0.916577	0.916577
27 	-0.0966321 	0.0984937 	60	0.897849	0.897849
28 	-0.0833128 	0.0857734 	60	0.874708	0.874708
29 	-0.0725784 	0.0758054 	60	0.843164	0.843164
30 	-0.063512 	0.067775 	60	0.792544	0.792544
31 	-0.0554311 	0.0612565 	60	0.709987	0.709987
32 	-0.0476401 	0.0560081 	60	0.578424	0.578424
33 	-0.0394558 	0.0524753 	60	0.317066	0.317066
34 	-0.0269503 	0.048057 	60	0.0410734	0.0410734
35 	-0.0117491 	0.0402211 	60	0.000299562	0.000299562
36 	-0.00227475 	0.0326764 	60	1.14766e-08	1.14766e-08
37 	-4.4025e-05 	0.0256822 	60	0	0
38 	-8.84238e-09 	0.0190445 	60	0	0
39 	-1.76691e-16 	0.0126309 	60	0	0
40 	-0.30248 	0.302591 	60	0.975867	0.975867
41 	-0.29001 	0.290291 	60	0.969101	0.969101
42 	-0.245747 	0.246227 	60	0.960602	0.960602
43 	-0.20163 	0.202349 	60	0.950478	0.950478
44 	-0.165669 	0.166681 	60	0.938707	0.938707
45 	-0.137889 	0.139259 	60	0.925117	0.925117
46 	-0.116527 	0.118335 	60	0.909301	0.909301
47 	-0.0998531 	0.102201 	60	0.890403	0.890403
48 	-0.0865263 	0.0895473 	60	0.86652	0.86652
49 	-0.0755412 	0.0794291 	60	0.832771	0.832771
50 	-0.0661201 	0.071209 	60	0.777341	0.777341
51 	-0.0576036 	0.0645473 	60	0.691365	0.691365
52 	-0.0494732 	0.059475 	60	0.551883	0.551883
53 	-0.0412149 	0.0573935 	60	0.273839	0.273839
54 	-0.0271415 	0.0538806 	60	0.0273181	0.0273181
55 	-0.0108356 	0.0460168 	60	0.000128484	0.000128484
56 	-0.00173823 	0.038546 	60	1.21121e-09	1.21121e-09
57 	-2.35982e-05 	0.031633 	60	0	0
58 	-2.47486e-09 	0.0250833 	60	0	0
59 	-1.35354e-17 	0.018773 	60	0	0
60 	-0.209474 	0.209709 	60	0.964752	0.964752
61 	-0.217667 	0.218128 	60	0.958543	0.958543
62 	-0.20163 	0.202349 	60	0.950478	0.950478
63 	-0.177527 	0.178546 	60	0.940709	0.940709
64 	-0.153426 	0.154797 	60	0.929197	0.929197
65 	-0.132194 	0.133983 	60	0.915716	0.915716
66 	-0.114332 	0.116623 	60	0.89976	0.89976
67 	-0.099481 	0.102382 	60	0.880264	0.880264
68 	-0.0870544 	0.090717 	60	0.854774	0.854774
69 	-0.0764399 	0.0810961 	60	0.816826	0.816826
70 	-0.0671058 	0.0731861 	60	0.754758	0.754758
71 	-0.0584501 	0.0667565 	60	0.663754	0.663754
72 	-0.0502398 	0.0622789 	60	0.509241	0.509241
73 	-0.041767 	0.0619378 	60	0.21052	0.21052
74 	-0.0257654 	0.0585526 	60	0.013713	0.013713
75 	-0.00917217 	0.0509618 	60	3.13713e-05	3.13713e-05
76 	-0.00112331 	0.0438571 	60	0	0
77 	-8.96343e-06 	0.0372205 	60	0	0
78 	-3.45682e-10 	0.0308828 	60	0	0
79 	-2.40974e-19 	0.024747 	60	0	0
80 	-0.158338 	0.158758 	60	0.952079	0.952079
81 	-0.169692 	0.170389 	60	0.946383	0.946383
82 	-0.165669 	0.166681 	60	0.938707	0.938707
83 	-0.153426 	0.154797 	60	0.929197	0.929197
84 	-0.138238 	0.140022 	60	0.917784	0.917784
85 	-0.122987 	0.125254 	60	0.904169	0.904169
86 	-0.108923 	0.111764 	60	0.887686	0.887686
87 	-0.0964058 	0.0999433 	60	0.866889	0.866889
88 	-0.0853626 	0.0897728 	60	0.838269	0.838269
89 	-0.0755101 	0.0810873 	60	0.793244	0.793244
90 	-0.0665144 	0.0738227 	60	0.724475	0.724475
91 	-0.0579726 	0.0679734 	60	0.625484	0.625484
92 	-0.0499347 	0.0646198 	60	0.445653	0.445653
93 	-0.0406678 	0.0659195 	60	0.135425	0.135425
94 	-0.0228528 	0.0620364 	60	0.00472117	0.00472117
95 	-0.0069818 	0.0551713 	60	3.64092e-06	3.64092e-06
96 	-0.000581663 	0.0486996 	60	0	0
97 	-2.20391e-06 	0.0425091 	60	0	0
98 	-2.02381e-11 	0.0364805 	60	0	0
99 	-8.4278e-23 	0.0305591 	60	0	0
100 	-0.126587 	0.127262 	60	0.937794	0.937794
101 	-0.137039 	0.138039 	60	0.932508	0.932508
102 	-0.137889 	0.139259 	60	0.925117	0.925117
103 	-0.132194 	0.133983 	60	0.915716	0.915716
104 	-0.122987 	0.125254 	60	0.904169	0.904169
105 	-0.112412 	0.115236 	60	0.890045	0.890045
106 	-0.101723 	0.105205 	60	0.872384	0.872384
107 	-0.09152 	0.0958039 	60	0.848995	0.848995
108 	-0.0819819 	0.0872892 	60	0.814422	0.814422
109 	-0.0730505 	0.0797813 	60	0.760299	0.760299
110 	-0.0645033 	0.0733694 	60	0.685623	0.685623
111 	-0.0562548 	0.0684063 	60	0.57257	0.57257
112 	-0.0485894 	0.0668831 	60	0.353527	0.353527
113 	-0.0374476 	0.0689377 	60	0.0655043	0.0655043
114 	-0.0187896 	0.0646487 	60	0.00094073	0.00094073
115 	-0.00465127 	0.0589032 	60	1.43651e-07	1.43651e-07
116 	-0.000226333 	0.053261 	60	0	0
117 	-3.13698e-07 	0.0476357 	60	0	0
118 	-4.00417e-13 	0.0419708 	60	0	0
119 	0 	0.036262 	60	0	0
120 	-0.104998 	0.106006 	60	0.92159	0.92159
121 	-0.113847 	0.11523 	60	0.916577	0.916577
122 	-0.116527 	0.118335 	60	0.909301	0.909301
123 	-0.114332 	0.116623 	60	0.89976	0.89976
124 	-0.108923 	0.111764 	60	0.887686	0.887686
125 	-0.101723 	0.105205 	60	0.872384	0.872384
126 	-0.0937309 	0.097976 	60	0.852285	0.852285
127 	-0.0855309 	0.0907199 	60	0.82364	0.82364
128 	-0.0773751 	0.0838126 	60	0.779475	0.779475
129 	-0.0692981 	0.0775325 	60	0.718346	0.718346
130 	-0.0612679 	0.072131 	60	0.635027	0.635027
131 	-0.0533992 	0.0683591 	60	0.496936	0.496936
132 	-0.0459006 	0.0692464 	60	0.229933	0.229933
133 	-0.0320573 	0.0707059 	60	0.0198507	0.0198507
134 	-0.014149 	0.0669531 	60	7.84769e-05	7.84769e-05
135 	-0.00261403 	0.0625158 	60	2.21831e-10	2.21831e-10
136 	-6.25175e-05 	0.0578055 	60	0	0
137 	-2.32868e-08 	0.0528019 	60	0	0
138 	-2.19306e-15 	0.0475052 	60	0	0
139 	0 	0.041959 	60	0	0
140 	-0.0892822 	0.0907145 	60	0.902767	0.902767
141 	-0.0966321 	0.0984937 	60	0.897849	0.897849
142 	-0.0998531 	0.102201 	60	0.890403	0.890403
143 	-0.099481 	0.102382 	60	0.880264	0.880264
144 	-0.0964058 	0.0999433 	60	0.866889	0.866889
145 	-0.09152 	0.0958039 	60	0.848995	0.848995
146 	-0.0855309 	0.0907199 	60	0.82364	0.82364
147 	-0.0788967 	0.0852454 	60	0.785476	0.785476
148 	-0.0718528 	0.0798042 	60	0.733151	0.733151
149 	-0.0645094 	0.0747249 	60	0.665399	0.665399
150 	-0.0569985 	0.0704642 	60	0.565263	0.565263
151 	-0.0495483 	0.0683796 	60	0.383209	0.383209
152 	-0.0410466 	0.0712575 	60	0.100785	0.100785
153 	-0.0253423 	0.071804 	60	0.00279256	0.00279256
154 	-0.00951881 	0.0694992 	60	1.51628e-06	1.51628e-06
155 	-0.00116714 	0.0663999 	60	0	0
156 	-1.13641e-05 	0.0626432 	60	0	0
157 	-7.76907e-10 	0.0582611 	60	0	0
158 	-2.40639e-18 	0.0532891 	60	0	0
159 	0 	0.0478067 	60	0	0
160 	-0.0772112 	0.079177 	60	0.879832	0.879832
161 	-0.0833128 	0.0857734 	60	0.874708	0.874708
162 	-0.0865263 	0.0895473 	60	0.86652	0.86652
163 	-0.0870544 	0.090717 	60	0.854774	0.854774
164 	-0.0853626 	0.0897728 	60	0.838269	0.838269
165 	-0.0819819 	0.0872892 	60	0.814422	0.814422
166 	-0.0773751 	0.0838126 	60	0.779475	0.779475
167 	-0.0718528 	0.0798042 	60	0.733151	0.733151
168 	-0.0656312 	0.0756472 	60	0.67464	0.67464
169 	-0.0589093 	0.0717534 	60	0.593227	0.593227
170 	-0.0518464 	0.0688505 	60	0.45981	0.45981
171 	-0.0446134 	0.0691772 	60	0.21739	0.21739
172 	-0.0337868 	0.0726866 	60	0.0207258	0.0207258
173 	-0.0185052 	0.0735504 	60	9.98518e-05	9.98518e-05
174 	-0.0054746 	0.0727896 	60	1.10639e-09	1.10639e-09
175 	-0.000371737 	0.0709415 	60	0	0
176 	-1.1325e-06 	0.0681065 	60	0	0
177 	-8.09459e-12 	0.0643101 	60	0	0
178 	0 	0.0595834 	60	0	0
179 	0 	0.0540197 	60	0	0
180 	-0.0675023 	0.0701483 	60	0.849199	0.849199
181 	-0.0725784 	0.0758054 	60	0.843164	0.843164
182 	-0.0755412 	0.0794291 	60	0.832771	0.832771
183 	-0.0764399 	0.0810961 	60	0.816826	0.816826
184 	-0.0755101 	0.0810873 	60	0.793244	0.793244
185 	-0.0730505 	0.0797813 	60	0.760299	0.760299
186 	-0.0692981 	0.0775325 	60	0.718346	0.718346
187 	-0.0645094 	0.0747249 	60	0.665399	0.665399
188 	-0.0589093 	0.0717534 	60	0.593227	0.593227
189 	-0.0526583 	0.0691558 	60	0.481841	0.481841
190 	-0.0458753 	0.0681518 	60	0.287297	0.287297
191 	-0.0377587 	0.071013 	60	0.0566365	0.0566365
192 	-0.0254602 	0.0746998 	60	0.000971613	0.000971613
193 	-0.0121749 	0.076624 	60	2.15506e-07	2.15506e-07
194 	-0.00249216 	0.0771655 	60	0	0
195 	-7.29677e-05 	0.0764699 	60	0	0
196 	-4.6155e-08 	0.0745311 	60	0	0
197 	-1.46642e-14 	0.0712894 	60	0	0
198 	0 	0.0667148 	60	0	0
199 	0 	0.0608821 	60	0	0
200 	-0.0593306 	0.0628826 	60	0.80106	0.80106
201 	-0.063512 	0.067775 	60	0.792544	0.792544
202 	-0.0661201 	0.071209 	60	0.777341	0.777341
203 	-0.0671058 	0.0731861 	60	0.754758	0.754758
204 	-0.0665144 	0.0738227 	60	0.724475	0.724475
205 	-0.0645033 	0.0733694 	60	0.685623	0.685623
206 	-0.0612679 	0.072131 	60	0.635027	0.635027
207 	-0.0569985 	0.0704642 	60	0.565263	0.565263
208 	-0.0518464 	0.0688505 	60	0.45981	0.45981
209 	-0.0458753 	0.0681518 	60	0.287297	0.287297
210 	-0.038715 	0.0700116 	60	0.0768549	0.0768549
211 	-0.02885 	0.0743089 	60	0.00265576	0.00265576
212 	-0.0173729 	0.0782316 	60	1.99833e-06	1.99833e-06
213 	-0.00666764 	0.0810703 	60	0	0
214 	-0.000765114 	0.0827788 	60	0	0
215 	-6.86288e-06 	0.0832413 	60	0	0
216 	-4.55473e-10 	0.0822587 	60	0	0
217 	-1.60859e-18 	0.0796018 	60	0	0
218 	0 	0.0751041 	60	0	0
219 	0 	0.0687742 	60	0	0
220 	-0.0520454 	0.0569303 	60	0.720039	0.720039
221 	-0.0554311 	0.0612565 	60	0.709987	0.709987
222 	-0.0576036 	0.0645473 	60	0.691365	0.691365
223 	-0.0584501 	0.0667565 	60	0.663754	0.663754
224 	-0.0579726 	0.0679734 	60	0.625484	0.625484
225 	-0.0562548 	0.0684063 	60	0.57257	0.57257
226 	-0.0533992 	0.0683591 	60	0.496936	0.496936
227 	-0.0495483 	0.0683796 	60	0.383209	0.383209
228 	-0.0446134 	0.0691772 	60	0.21739	0.21739
229 	-0.0377587 	0.071013 	60	0.0566365	0.0566365
230 	-0.02885 	0.0743089 	60	0.00265576	0.00265576
231 	-0.0192237 	0.0785725 	60	3.68231e-06	3.68231e-06
232 	-0.00983197 	0.0828476 	60	0	0
233 	-0.00246621 	0.0866468 	60	0	0
234 	-0.000103218 	0.0896379 	60	0	0
235 	-1.36213e-07 	0.0914579 	60	0	0
236 	-2.07452e-13 	0.0916608 	60	0	0
237 	0 	0.0897548 	60	0	0
238 	0 	0.0853255 	60	0	0
239 	0 	0.0782286 	60	0	0
240 	-0.0448591 	0.0518738 	60	0.591177	0.591177
241 	-0.0476401 	0.0560081 	60	0.578424	0.578424
242 	-0.0494732 	0.059475 	60	0.551883	0.551883
243 	-0.0502398 	0.0622789 	60	0.509241	0.509241
244 	-0.0499347 	0.0646198 	60	0.445653	0.445653
245 	-0.0485894 	0.0668831 	60	0.353527	0.353527
246 	-0.0459006 	0.0692464 	60	0.229933	0.229933
247 	-0.0410466 	0.0712575 	60	0.100785	0.100785
248 	-0.0337868 	0.0726866 	60	0.0207258	0.0207258
249 	-0.0254602 	0.0746998 	60	0.000971613	0.000971613
250 	-0.0173729 	0.0782316 	60	1.99833e-06	1.99833e-06
251 	-0.00983197 	0.0828476 	60	0	0
252 	-0.00350455 	0.0879396 	60	0	0
253 	-0.000341308 	0.0930315 	60	0	0
254 	-2.04962e-06 	0.0976681 	60	0	0
255 	-6.22528e-11 	0.101291 	60	0	0
256 	-4.28934e-20 	0.103172 	60	0	0
257 	0 	0.102431 	60	0	0
258 	0 	0.0982145 	60	0	0
259 	0 	0.0900406 	60	0	0
260 	-0.0367706 	0.0471622 	60	0.338203	0.338203
261 	-0.0394558 	0.0524753 	60	0.317066	0.317066
262 	-0.0412149 	0.0573935 	60	0.273839	0.273839
263 	-0.041767 	0.0619378 	60	0.21052	0.21052
264 	-0.0406678 	0.0659195 	60	0.135425	0.135425
265 	-0.0374476 	0.0689377 	60	0.0655043	0.0655043
266 	-0.0320573 	0.0707059 	60	0.0198507	0.0198507
267 	-0.0253423 	0.071804 	60	0.00279256	0.00279256
268 	-0.0185052 	0.0735504 	60	9.98518e-05	9.98518e-05
269 	-0.0121749 	0.076624 	60	2.15506e-07	2.15506e-07
270 	-0.00666764 	0.0810703 	60	0	0
271 	-0.00246621 	0.0866468 	60	0	0
272 	-0.000341308 	0.0930315 	60	0	0
273 	-4.26204e-06 	0.0998715 	60	0	0
274 	-4.12489e-10 	0.106712 	60	0	0
275 	-2.98824e-18 	0.112868 	60	0	0
276 	0 	0.117304 	60	0	0
277 	0 	0.118583 	60	0	0
278 	0 	0.115061 	60	0	0
279 	0 	0.10549 	60	0	0
280 	-0.0254269 	0.0412539 	60	0.0494383	0.0494383
281 	-0.0269503 	0.048057 	60	0.0410734	0.0410734
282 	-0.0271415 	0.0538806 	60	0.0273181	0.0273181
283 	-0.0257654 	0.0585526 	60	0.013713	0.013713
284 	-0.0228528 	0.0620364 	60	0.00472117	0.00472117
285 	-0.0187896 	0.0646487 	60	0.00094073	0.00094073
286 	-0.014149 	0.0669531 	60	7.84769e-05	7.84769e-05
287 	-0.00951881 	0.0694992 	60	1.51628e-06	1.51628e-06
288 	-0.0054746 	0.0727896 	60	1.10639e-09	1.10639e-09
289 	-0.00249216 	0.0771655 	60	0	0
290 	-0.000765114 	0.0827788 	60	0	0
291 	-0.000103218 	0.0896379 	60	0	0
292 	-2.04962e-06 	0.0976681 	60	0	0
293 	-4.12489e-10 	0.106712 	60	0	0
294 	-6.99567e-18 	0.116438 	60	0	0
295 	0 	0.126165 	60	0	0
296 	0 	0.134592 	60	0	0
297 	0 	0.139538 	60	0	0
298 	0 	0.137955 	60	0	0
299 	0 	0.12682 	60	0	0
300 	-0.0118699 	0.0335911 	60	0.000442018	0.000442018
301 	-0.0117491 	0.0402211 	60	0.000299562	0.000299562
302 	-0.0108356 	0.0460168 	60	0.000128484	0.000128484
303 	-0.00917217 	0.0509618 	60	3.13713e-05	3.13713e-05
304 	-0.0069818 	0.0551713 	60	3.64092e-06	3.64092e-06
305 	-0.00465127 	0.0589032 	60	1.43651e-07	1.43651e-07
306 	-0.00261403 	0.0625158 	60	2.21831e-10	2.21831e-10
307 	-0.00116714 	0.0663999 	60	0	0
308 	-0.000371737 	0.0709415 	60	0	0
309 	-7.29677e-05 	0.0764699 	60	0	0
310 	-6.86288e-06 	0.0832413 	60	0	0
311 	-1.36213e-07 	0.0914579 	60	0	0
312 	-6.22528e-11 	0.101291 	60	0	0
313 	-2.98824e-18 	0.112868 	60	0	0
314 	0 	0.126165 	60	0	0
315 	0 	0.140763 	60	0	0
316 	0 	0.155361 	60	0	0
317 	0 	0.16702 	60	0	0
318 	0 	0.170403 	60	0	0
319 	0 	0.158343 	60	0	0
320 	-0.00260948 	0.0262547 	60	2.52954e-08	2.52954e-08
321 	-0.00227475 	0.0326764 	60	1.14766e-08	1.14766e-08
322 	-0.00173823 	0.038546 	60	1.21121e-09	1.21121e-09
323 	-0.00112331 	0.0438571 	60	0	0
324 	-0.000581663 	0.0486996 	60	0	0
325 	-0.000226333 	0.053261 	60	0	0
326 	-6.25175e-05 	0.0578055 	60	0	0
327 	-1.13641e-05 	0.0626432 	60	0	0
328 	-1.1325e-06 	0.0681065 	60	0	0
329 	-4.6155e-08 	0.0745311 	60	0	0
330 	-4.55473e-10 	0.0822587 	60	0	0
331 	-2.07452e-13 	0.0916608 	60	0	0
332 	-4.28934e-20 	0.103172 	60	0	0
333 	0 	0.117304 	60	0	0
334 	0 	0.134592 	60	0	0
335 	0 	0.155361 	60	0	0
336 	0 	0.179069 	60	0	0
337 	0 	0.202777 	60	0	0
338 	0 	0.218295 	60	0	0
339 	0 	0.209328 	60	0	0
340 	-6.16273e-05 	0.0193749 	60	0	0
341 	-4.4025e-05 	0.0256822 	60	0	0
342 	-2.35982e-05 	0.031633 	60	0	0
343 	-8.96343e-06 	0.0372205 	60	0	0
344 	-2.20391e-06 	0.0425091 	60	0	0
345 	-3.13698e-07 	0.0476357 	60	0	0
346 	-2.32868e-08 	0.0528019 	60	0	0
347 	-7.76907e-10 	0.0582611 	60	0	0
348 	-8.09459e-12 	0.0643101 	60	0	0
349 	-1.46642e-14 	0.0712894 	60	0	0
350 	-1.60859e-18 	0.0796018 	60	0	0
351 	0 	0.0897548 	60	0	0
352 	0 	0.102431 	60	0	0
353 	0 	0.118583 	60	0	0
354 	0 	0.139538 	60	0	0
355 	0 	0.16702 	60	0	0
356 	0 	0.202777 	60	0	0
357 	0 	0.246724 	60	0	0
358 	0 	0.290672 	60	0	0
359 	0 	0.302332 	60	0	0
360 	-1.759e-08 	0.0127814 	60	0	0
361 	-8.84238e-09 	0.0190445 	60	0	0
362 	-2.47486e-09 	0.0250833 	60	0	0
363 	-3.45682e-10 	0.0308828 	60	0	0
364 	-2.02381e-11 	0.0364805 	60	0	0
365 	-4.00417e-13 	0.0419708 	60	0	0
366 	-2.19306e-15 	0.0475052 	60	0	0
367 	-2.40639e-18 	0.0532891 	60	0	0
368 	0 	0.0595834 	60	0	0
369 	0 	0.0667148 	60	0	0
370 	0 	0.0751041 	60	0	0
371 	0 	0.0853255 	60	0	0
372 	0 	0.0982145 	60	0	0
373 	0 	0.115061 	60	0	0
374 	0 	0.137955 	60	0	0
375 	0 	0.170403 	60	0	0
376 	0 	0.218295 	60	0	0
377 	0 	0.290672 	60	0	0
378 	0 	0.395336 	60	0	0
379 	0 	0.5 	60	0	0
380 	-7.07651e-16 	0.00635308 	60	0	0
381 	-1.76691e-16 	0.0126309 	60	0	0
382 	-1.35354e-17 	0.018773 	60	0	0
383 	-2.40974e-19 	0.024747 	60	0	0
384 	-8.4278e-23 	0.0305591 	60	0	0
385 	0 	0.036262 	60	0	0
386 	0 	0.041959 	60	0	0
387 	0 	0.0478067 	60	0	0
388 	0 	0.0540197 	60	0	0
389 	0 	0.0608821 	60	0	0
390 	0 	0.0687742 	60	0	0
391 	0 	0.0782286 	60	0	0
392 	0 	0.0900406 	60	0	0
393 	0 	0.10549 	60	0	0
394 	0 	0.12682 	60	0	0
395 	0 	0.158343 	60	0	0
396 	0 	0.209328 	60	0	0
397 	0 	0.302332 	60	0	0
398 	0 	0.5 	60	0	0
399 	0 	1 	60	0	0
0 	-1 	1 	60	0.997275	0.997275
1 	-0.499989 	0.5 	60	0.993993	0.993993
2 	-0.302457 	0.302491 	60	0.989532	0.989532
3 	-0.209538 	0.209613 	60	0.983975	0.983975
4 	-0.158593 	0.158734 	60	0.977425	0.977425
5 	-0.127101 	0.127337 	60	0.969936	0.969936
6 	-0.105823 	0.106185 	60	0.96149	0.96149
7 	-0.0904714 	0.0909958 	60	0.951966	0.951966
8 	-0.078828 	0.0795565 	60	0.94108	0.94108
9 	-0.0696382 	0.0706209 	60	0.928182	0.928182
10 	-0.0621324 	0.0634349 	60	0.911676	0.911676
11 	-0.0557947 	0.0575153 	60	0.888851	0.888851
12 	-0.0502357 	0.0525347 	60	0.856084	0.856084
13 	-0.0451143 	0.0482508 	60	0.800327	0.800327
14 	-0.0399432 	0.0444252 	60	0.70039	0.70039
15 	-0.0338681 	0.0406478 	60	0.512319	0.512319
16 	-0.0252726 	0.0359427 	60	0.151558	0.151558
17 	-0.0119332 	0.0275635 	60	0.00369604	0.00369604
18 	-0.00205025 	0.0180017 	60	1.0554e-06	1.0554e-06
19 	-1.67961e-05 	0.0088848 	60	0	0
20 	-0.499989 	0.5 	60	0.993993	0.993993
21 	-0.394974 	0.395018 	60	0.990618	0.990618
22 	-0.290297 	0.290387 	60	0.986216	0.986216
23 	-0.217969 	0.218121 	60	0.98081	0.98081
24 	-0.170104 	0.170343 	60	0.974439	0.974439
25 	-0.137655 	0.138008 	60	0.967121	0.967121
26 	-0.114744 	0.115244 	60	0.958817	0.958817
27 	-0.0978836 	0.0985677 	60	0.949398	0.949398
28 	-0.0850003 	0.085912 	60	0.938559	0.938559
29 	-0.0748212 	0.0760149 	60	0.925598	0.925598
30 	-0.0665268 	0.0680758 	60	0.908802	0.908802
31 	-0.0595532 	0.0615713 	60	0.885647	0.885647
32 	-0.0534803 	0.0561515 	60	0.852316	0.852316
33 	-0.0479732 	0.0516104 	60	0.794837	0.794837
34 	-0.0426278 	0.0478969 	60	0.691834	0.691834
35 	-0.0367523 	0.045157 	60	0.494491	0.494491
36 	-0.0282037 	0.0439117 	60	0.131964	0.131964
37 	-0.012254 	0.0363858 	60	0.00264042	0.00264042
38 	-0.00180037 	0.0266332 	60	5.3052e-07	5.3052e-07
39 	-1.20943e-05 	0.0175375 	60	0	0
40 	-0.302457 	0.302491 	60	0.989532	0.989532
41 	-0.290297 	0.290387 	60	0.986216	0.986216
42 	-0.24613 	0.246289 	60	0.981889	0.981889
43 	-0.202075 	0.20232 	60	0.976601	0.976601
44 	-0.16623 	0.166584 	60	0.970372	0.970372
45 	-0.138643 	0.139134 	60	0.963193	0.963193
46 	-0.117556 	0.118216 	60	0.955003	0.955003
47 	-0.101242 	0.102109 	60	0.945644	0.945644
48 	-0.0883748 	0.0894954 	60	0.934767	0.934767
49 	-0.0780003 	0.0794337 	60	0.921547	0.921547
50 	-0.0694351 	0.0712647 	60	0.904101	0.904101
51 	-0.0621717 	0.0645298 	60	0.880185	0.880185
52 	-0.0558164 	0.0589138 	60	0.84546	0.84546
53 	-0.0500741 	0.0542874 	60	0.784463	0.784463
54 	-0.0446189 	0.0507936 	60	0.675907	0.675907
55 	-0.0390595 	0.04938 	60	0.461439	0.461439
56 	-0.0300851 	0.0513512 	60	0.101356	0.101356
57 	-0.0116958 	0.0441503 	60	0.00141551	0.00141551
58 	-0.00138436 	0.0345541 	60	1.48449e-07	1.48449e-07
59 	-6.44808e-06 	0.0257472 	60	0	0
60 	-0.209538 	0.209613 	60	0.983975	0.983975
61 	-0.217969 	0.218121 	60	0.98081	0.98081
62 	-0.202075 	0.20232 	60	0.976601	0.976601
63 	-0.178089 	0.178445 	60	0.97143	0.97143
64 	-0.154138 	0.154626 	60	0.965317	0.965317
65 	-0.13312 	0.133769 	60	0.958239	0.958239
66 	-0.115551 	0.116393 	60	0.950108	0.950108
67 	-0.101084 	0.10216 	60	0.940729	0.940729
68 	-0.0891609 	0.0905199 	60	0.929668	0.929668
69 	-0.0792396 	0.0809471 	60	0.915891	0.915891
70 	-0.0708547 	0.0730078 	60	0.897416	0.897416
71 	-0.0636156 	0.0663687 	60	0.872298	0.872298
72 	-0.0571976 	0.0607933 	60	0.835105	0.835105
73 	-0.0513875 	0.0562863 	60	0.768476	0.768476
74 	-0.0459187 	0.0531911 	60	0.651258	0.651258
75 	-0.0408915 	0.0537011 	60	0.409765	0.409765
76 	-0.0305437 	0.0581455 	60	0.066082	0.066082
77 	-0.0102494 	0.050754 	60	0.000537741	0.000537741
78 	-0.000905958 	0.0416471 	60	2.00842e-08	2.00842e-08
79 	-2.43728e-06 	0.0333596 	60	0	0
80 	-0.158593 	0.158734 	60	0.977425	0.977425
81 	-0.170104 	0.170343 	60	0.974439	0.974439
82 	-0.16623 	0.166584 	60	0.970372	0.970372
83 	-0.154138 	0.154626 	60	0.965317	0.965317
84 	-0.139136 	0.139782 	60	0.959296	0.959296
85 	-0.124132 	0.124964 	60	0.95227	0.95227
86 	-0.110396 	0.111449 	60	0.944123	0.944123
87 	-0.0983092 	0.0996249 	60	0.934597	0.934597
88 	-0.0878412 	0.0894738 	60	0.923111	0.923111
89 	-0.0787934 	0.0808179 	60	0.908331	0.908331
90 	-0.0709124 	0.0734447 	60	0.888511	0.888511
91 	-0.0639399 	0.0671591 	60	0.861627	0.861627
92 	-0.0576376 	0.0618272 	60	0.820423	0.820423
93 	-0.0519028 	0.0576409 	60	0.745805	0.745805
94 	-0.0465146 	0.0551688 	60	0.615686	0.615686
95 	-0.0422372 	0.0584942 	60	0.336154	0.336154
96 	-0.0291951 	0.0639192 	60	0.0345262	0.0345262
97 	-0.00810892 	0.0562582 	60	0.00013223	0.00013223
98 	-0.000481517 	0.0479035 	60	3.80794e-10	3.80794e-10
99 	-6.03153e-07 	0.040297 	60	0	0
100 	-0.127101 	0.127337 	60	0.969936	0.969936
101 	-0.137655 	0.138008 	60	0.967121	0.967121
102 	-0.138643 	0.139134 	60	0.963193	0.963193
103 	-0.13312 	0.133769 	60	0.958239	0.958239
104 	-0.124132 	0.124964 	60	0.95227	0.95227
105 	-0.113846 	0.114892 	60	0.945227	0.945227
106 	-0.103534 	0.10483 	60	0.936945	0.936945
107 	-0.0938312 	0.0954235 	60	0.927059	0.927059
108 	-0.0849796 	0.0869295 	60	0.914729	0.914729
109 	-0.0770028 	0.0794003 	60	0.898473	0.898473
110 	-0.0698093 	0.0727936 	60	0.87702	0.87702
111 	-0.0632594 	0.0670374 	60	0.84749	0.84749
112 	-0.0572014 	0.0621149 	60	0.799951	0.799951
113 	-0.0516256 	0.0584197 	60	0.714965	0.714965
114 	-0.0464214 	0.0568827 	60	0.565693	0.565693
115 	-0.0427628 	0.063897 	60	0.243022	0.243022
116 	-0.0259146 	0.0682524 	60	0.01352	0.01352
117 	-0.00565123 	0.0608232 	60	1.88218e-05	1.88218e-05
118 	-0.000194533 	0.0534068 	60	0	0
119 	-8.67565e-08 	0.0465651 	60	0	0
120 	-0.105823 	0.106185 	60	0.96149	0.96149
121 	-0.114744 	0.115244 	60	0.958817	0.958817
122 	-0.117556 	0.118216 	60	0.955003	0.955003
123 	-0.115551 	0.116393 	60	0.950108	0.950108
124 	-0.110396 	0.111449 	60	0.944123	0.944123
125 	-0.103534 	0.10483 	60	0.936945	0.936945
126 	-0.0959904 	0.09757 	60	0.928322	0.928322
127 	-0.088397 	0.0903127 	60	0.917681	0.917681
128 	-0.0810915 	0.083417 	60	0.903901	0.903901
129 	-0.0742099 	0.0770568 	60	0.885921	0.885921
130 	-0.0677687 	0.0713007 	60	0.862325	0.862325
131 	-0.0617145 	0.0661744 	60	0.828587	0.828587
132 	-0.0559873 	0.0618099 	60	0.771436	0.771436
133 	-0.0505956 	0.05876 	60	0.673881	0.673881
134 	-0.0457996 	0.0587664 	60	0.495527	0.495527
135 	-0.0416873 	0.0694862 	60	0.145924	0.145924
136 	-0.0211391 	0.0711802 	60	0.00374614	0.00374614
137 	-0.00338154 	0.0646997 	60	1.39699e-06	1.39699e-06
138 	-5.68491e-05 	0.0583347 	60	0	0
139 	-6.65497e-09 	0.0522598 	60	0	0
140 	-0.0904714 	0.0909958 	60	0.951966	0.951966
141 	-0.0978836 	0.0985677 	60	0.949398	0.949398
142 	-0.101242 	0.102109 	60	0.945644	0.945644
143 	-0.101084 	0.10216 	60	0.940729	0.940729
144 	-0.0983092 	0.0996249 	60	0.934597	0.934597
145 	-0.0938312 	0.0954235 	60	0.927059	0.927059
146 	-0.088397 	0.0903127 	60	0.917681	0.917681
147 	-0.0825369 	0.0848399 	60	0.905622	0.905622
148 	-0.0765814 	0.0793651 	60	0.890048	0.890048
149 	-0.0707096 	0.0741093 	60	0.870064	0.870064
150 	-0.064996 	0.0692029 	60	0.843235	0.843235
151 	-0.0594375 	0.0647493 	60	0.802382	0.802382
152 	-0.054057 	0.0610619 	60	0.732412	0.732412
153 	-0.0488665 	0.0588616 	60	0.619657	0.619657
154 	-0.044883 	0.0615681 	60	0.397372	0.397372
155 	-0.0381314 	0.0742013 	60	0.0679146	0.0679146
156 	-0.0157168 	0.0733546 	60	0.00068167	0.00068167
157 	-0.00172064 	0.068269 	60	4.57821e-08	4.57821e-08
158 	-1.23454e-05 	0.0629723 	60	0	0
159 	-2.91853e-10 	0.0575742 	60	0	0
160 	-0.078828 	0.0795565 	60	0.94108	0.94108
161 	-0.0850003 	0.085912 	60	0.938559	0.938559
162 	-0.0883748 	0.0894954 	60	0.934767	0.934767
163 	-0.0891609 	0.0905199 	60	0.929668	0.929668
164 	-0.0878412 	0.0894738 	60	0.923111	0.923111
165 	-0.0849796 	0.0869295 	60	0.914729	0.914729
166 	-0.0810915 	0.083417 	60	0.903901	0.903901
167 	-0.0765814 	0.0793651 	60	0.890048	0.890048
168 	-0.0717338 	0.0750917 	60	0.87249	0.87249
169 	-0.0667289 	0.0708206 	60	0.849617	0.849617
170 	-0.0616561 	0.0667132 	60	0.817205	0.817205
171 	-0.0565418 	0.0629595 	60	0.764498	0.764498
172 	-0.0514073 	0.0600027 	60	0.681167	0.681167
173 	-0.0464735 	0.0589749 	60	0.547372	0.547372
174 	-0.0433975 	0.0657339 	60	0.269709	0.269709
175 	-0.0320032 	0.0770688 	60	0.0220871	0.0220871
176 	-0.0104609 	0.0755587 	60	6.79482e-05	6.79482e-05
177 	-0.000734626 	0.0720146 	60	0	0
178 	-2.05194e-06 	0.0677115 	60	0	0
179 	-7.92949e-12 	0.0628048 	60	0	0
180 	-0.0696382 	0.0706209 	60	0.928182	0.928182
181 	-0.0748212 	0.0760149 	60	0.925598	0.925598
182 	-0.0780003 	0.0794337 	60	0.921547	0.921547
183 	-0.0792396 	0.0809471 	60	0.915891	0.915891
184 	-0.0787934 	0.0808179 	60	0.908331	0.908331
185 	-0.0770028 	0.0794003 	60	0.898473	0.898473
186 	-0.0742099 	0.0770568 	60	0.885921	0.885921
187 	-0.0707096 	0.0741093 	60	0.870064	0.870064
188 	-0.0667289 	0.0708206 	60	0.849617	0.849617
189 	-0.0624198 	0.0673986 	60	0.821593	0.821593
190 	-0.057857 	0.0640279 	60	0.778622	0.778622
191 	-0.0530742 	0.0610106 	60	0.711431	0.711431
192 	-0.0481021 	0.0588981 	60	0.615339	0.615339
193 	-0.0435599 	0.0596377 	60	0.447487	0.447487
194 	-0.0401636 	0.0705679 	60	0.137744	0.137744
195 	-0.0246116 	0.0786907 	60	0.00436922	0.00436922
196 	-0.00607876 	0.0785139 	60	2.76929e-06	2.76929e-06
197 	-0.000248092 	0.0765156 	60	0	0
198 	-2.38119e-07 	0.0730544 	60	0	0
199 	-1.13379e-13 	0.0683592 	60	0	0
200 	-0.0621324 	0.0634349 	60	0.911676	0.911676
201 	-0.0665268 	0.0680758 	60	0.908802	0.908802
202 	-0.0694351 	0.0712647 	60	0.904101	0.904101
203 	-0.0708547 	0.0730078 	60	0.897416	0.897416
204 	-0.0709124 	0.0734447 	60	0.888511	0.888511
205 	-0.0698093 	0.0727936 	60	0.87702	0.87702
206 	-0.0677687 	0.0713007 	60	0.862325	0.862325
207 	-0.064996 	0.0692029 	60	0.843235	0.843235
208 	-0.0616561 	0.0667132 	60	0.817205	0.817205
209 	-0.057857 	0.0640279 	60	0.778622	0.778622
210 	-0.0536527 	0.0613938 	60	0.720703	0.720703
211 	-0.0490456 	0.0591678 	60	0.642825	0.642825
212 	-0.044283 	0.0581929 	60	0.526369	0.526369
213 	-0.0403076 	0.0618501 	60	0.306697	0.306697
214 	-0.0342599 	0.0747081 	60	0.0448138	0.0448138
215 	-0.0176526 	0.0811739 	60	0.000411688	0.000411688
216 	-0.00312815 	0.0830648 	60	2.72538e-08	2.72538e-08
217 	-6.8231e-05 	0.0824795 	60	0	0
218 	-2.04169e-08 	0.0796313 	60	0	0
219 	-9.62454e-16 	0.0747728 	60	0	0
220 	-0.0557947 	0.0575153 	60	0.888851	0.888851
221 	-0.0595532 	0.0615713 	60	0.885647	0.885647
222 	-0.0621717 	0.0645298 	60	0.880185	0.880185
223 	-0.0636156 	0.0663687 	60	0.872298	0.872298
224 	-0.0639399 	0.0671591 	60	0.861627	0.861627
225 	-0.0632594 	0.0670374 	60	0.84749	0.84749
226 	-0.0617145 	0.0661744 	60	0.828587	0.828587
227 	-0.0594375 	0.0647493 	60	0.802382	0.802382
228 	-0.0565418 	0.0629595 	60	0.764498	0.764498
229 	-0.0530742 	0.0610106 	60	0.711431	0.711431
230 	-0.0490456 	0.0591678 	60	0.642825	0.642825
231 	-0.044601 	0.0579355 	60	0.548242	0.548242
232 	-0.0401497 	0.0587551 	60	0.39182	0.39182
233 	-0.0362071 	0.0663878 	60	0.13528	0.13528
234 	-0.0269071 	0.078904 	60	0.00617236	0.00617236
235 	-0.0119171 	0.0862916 	60	8.17258e-06	8.17258e-06
236 	-0.00155581 	0.0900736 	60	0	0
237 	-1.91901e-05 	0.0907062 	60	0	0
238 	-1.99082e-09 	0.0882185 	60	0	0
239 	-1.12804e-17 	0.0827414 	60	0	0
240 	-0.0502357 	0.0525347 	60	0.856084	0.856084
241 	-0.0534803 	0.0561515 	60	0.852316	0.852316
242 	-0.0558164 	0.0589138 	60	0.84546	0.84546
243 	-0.0571976 	0.0607933 	60	0.835105	0.835105
244 	-0.0576376 	0.0618272 	60	0.820423	0.820423
245 	-0.0572014 	0.0621149 	60	0.799951	0.799951
246 	-0.0559873 	0.0618099 	60	0.771436	0.771436
247 	-0.054057 	0.0610619 	60	0.732412	0.732412
248 	-0.0514073 	0.0600027 	60	0.681167	0.681167
249 	-0.0481021 	0.0588981 	60	0.615339	0.615339
250 	-0.044283 	0.0581929 	60	0.526369	0.526369
251 	-0.0401497 	0.0587551 	60	0.39182	0.39182
252 	-0.0360054 	0.0629716 	60	0.18369	0.18369
253 	-0.0304433 	0.0741616 	60	0.0202403	0.0202403
254 	-0.019974 	0.0861745 	60	0.000122968	0.000122968
255 	-0.00748111 	0.0948339 	60	3.40871e-09	3.40871e-09
256 	-0.000742282 	0.100231 	60	0	0
257 	-5.40745e-06 	0.102053 	60	0	0
258 	-2.05797e-10 	0.0997951 	60	0	0
259 	-1.57218e-19 	0.0932017 	60	0	0
260 	-0.0451143 	0.0482508 	60	0.800327	0.800327
261 	-0.0479732 	0.0516104 	60	0.794837	0.794837
262 	-0.0500741 	0.0542874 	60	0.784463	0.784463
263 	-0.0513875 	0.0562863 	60	0.768476	0.768476
264 	-0.0519028 	0.0576409 	60	0.745805	0.745805
265 	-0.0516256 	0.0584197 	60	0.714965	0.714965
266 	-0.0505956 	0.05876 	60	0.673881	0.673881
267 	-0.0488665 	0.0588616 	60	0.619657	0.619657
268 	-0.0464735 	0.0589749 	60	0.547372	0.547372
269 	-0.0435599 	0.0596377 	60	0.447487	0.447487
270 	-0.0403076 	0.0618501 	60	0.306697	0.306697
271 	-0.0362071 	0.0663878 	60	0.13528	0.13528
272 	-0.0304433 	0.0741616 	60	0.0202403	0.0202403
273 	-0.0228285 	0.0853356 	60	0.000255683	0.000255683
274 	-0.0134488 	0.0967538 	60	2.45113e-08	2.45113e-08
275 	-0.00404294 	0.106636 	60	0	0
276 	-0.000269992 	0.113965 	60	0	0
277 	-9.27641e-07 	0.11748 	60	0	0
278 	-8.16998e-12 	0.115707 	60	0	0
279 	0 	0.107529 	60	0	0
280 	-0.0399432 	0.0444252 	60	0.70039	0.70039
281 	-0.0426278 	0.0478969 	60	0.691834	0.691834
282 	-0.0446189 	0.0507936 	60	0.675907	0.675907
283 	-0.0459187 	0.0531911 	60	0.651258	0.651258
284 	-0.0465146 	0.0551688 	60	0.615686	0.615686
285 	-0.0464214 	0.0568827 	60	0.565693	0.565693
286 	-0.0457996 	0.0587664 	60	0.495527	0.495527
287 	-0.044883 	0.0615681 	60	0.397372	0.397372
288 	-0.0433975 	0.0657339 	60	0.269709	0.269709
289 	-0.0401636 	0.0705679 	60	0.137744	0.137744
290 	-0.0342599 	0.0747081 	60	0.0448138	0.0448138
291 	-0.0269071 	0.078904 	60	0.00617236	0.00617236
292 	-0.019974 	0.0861745 	60	0.000122968	0.000122968
293 	-0.0134488 	0.0967538 	60	2.45113e-08	2.45113e-08
294 	-0.0067305 	0.108872 	60	0	0
295 	-0.00134461 	0.120991 	60	0	0
296 	-3.73949e-05 	0.131512 	60	0	0
297 	-2.37555e-08 	0.138197 	60	0	0
298 	-7.43417e-15 	0.138023 	60	0	0
299 	0 	0.128005 	60	0	0
300 	-0.0338681 	0.0406478 	60	0.512319	0.512319
301 	-0.0367523 	0.045157 	60	0.494491	0.494491
302 	-0.0390595 	0.04938 	60	0.461439	0.461439
303 	-0.0408915 	0.0537011 	60	0.409765	0.409765
304 	-0.0422372 	0.0584942 	60	0.336154	0.336154
305 	-0.0427628 	0.063897 	60	0.243022	0.243022
306 	-0.0416873 	0.0694862 	60	0.145924	0.145924
307 	-0.0381314 	0.0742013 	60	0.0679146	0.0679146
308 	-0.0320032 	0.0770688 	60	0.0220871	0.0220871
309 	-0.0246116 	0.0786907 	60	0.00436922	0.00436922
310 	-0.0176526 	0.0811739 	60	0.000411688	0.000411688
311 	-0.0119171 	0.0862916 	60	8.17258e-06	8.17258e-06
312 	-0.00748111 	0.0948339 	60	3.40871e-09	3.40871e-09
313 	-0.00404294 	0.106636 	60	0	0
314 	-0.00134461 	0.120991 	60	0	0
315 	-9.20481e-05 	0.136943 	60	0	0
316 	-2.51792e-07 	0.152895 	60	0	0
317 	-1.4863e-12 	0.165772 	60	0	0
318 	0 	0.170183 	60	0	0
319 	0 	0.158941 	60	0	0
320 	-0.0252726 	0.0359427 	60	0.151558	0.151558
321 	-0.0282037 	0.0439117 	60	0.131964	0.131964
322 	-0.0300851 	0.0513512 	60	0.101356	0.101356
323 	-0.0305437 	0.0581455 	60	0.066082	0.066082
324 	-0.0291951 	0.0639192 	60	0.0345262	0.0345262
325 	-0.0259146 	0.0682524 	60	0.01352	0.01352
326 	-0.0211391 	0.0711802 	60	0.00374614	0.00374614
327 	-0.0157168 	0.0733546 	60	0.00068167	0.00068167
328 	-0.0104609 	0.0755587 	60	6.79482e-05	6.79482e-05
329 	-0.00607876 	0.0785139 	60	2.76929e-06	2.76929e-06
330 	-0.00312815 	0.0830648 	60	2.72538e-08	2.72538e-08
331 	-0.00155581 	0.0900736 	60	0	0
332 	-0.000742282 	0.100231 	60	0	0
333 	-0.000269992 	0.113965 	60	0	0
334 	-3.73949e-05 	0.131512 	60	0	0
335 	-2.51792e-07 	0.152895 	60	0	0
336 	-4.04785e-12 	0.177353 	60	0	0
337 	0 	0.201811 	60	0	0
338 	0 	0.217999 	60	0	0
339 	0 	0.209568 	60	0	0
340 	-0.0119332 	0.0275635 	60	0.00369604	0.00369604
341 	-0.012254 	0.0363858 	60	0.00264042	0.00264042
342 	-0.0116958 	0.0441503 	60	0.00141551	0.00141551
343 	-0.0102494 	0.050754 	60	0.000537741	0.000537741
344 	-0.00810892 	0.0562582 	60	0.00013223	0.00013223
345 	-0.00565123 	0.0608232 	60	1.88218e-05	1.88218e-05
346 	-0.00338154 	0.0646997 	60	1.39699e-06	1.39699e-06
347 	-0.00172064 	0.068269 	60	4.57821e-08	4.57821e-08
348 	-0.000734626 	0.0720146 	60	0	0
349 	-0.000248092 	0.0765156 	60	0	0
350 	-6.8231e-05 	0.0824795 	60	0	0
351 	-1.91901e-05 	0.0907062 	60	0	0
352 	-5.40745e-06 	0.102053 	60	0	0
353 	-9.27641e-07 	0.11748 	60	0	0
354 	-2.37555e-08 	0.138197 	60	0	0
355 	-1.4863e-12 	0.165772 	60	0	0
356 	0 	0.201811 	60	0	0
357 	0 	0.246122 	60	0	0
358 	0 	0.290432 	60	0	0
359 	0 	0.302392 	60	0	0
360 	-0.00205025 	0.0180017 	60	1.0554e-06	1.0554e-06
361 	-0.00180037 	0.0266332 	60	5.3052e-07	5.3052e-07
362 	-0.00138436 	0.0345541 	60	1.48449e-07	1.48449e-07
363 	-0.000905958 	0.0416471 	60	2.00842e-08	2.00842e-08
364 	-0.000481517 	0.0479035 	60	3.80794e-10	3.80794e-10
365 	-0.000194533 	0.0534068 	60	0	0
366 	-5.68491e-05 	0.0583347 	60	0	0
367 	-1.23454e-05 	0.0629723 	60	0	0
368 	-2.05194e-06 	0.0677115 	60	0	0
369 	-2.38119e-07 	0.0730544 	60	0	0
370 	-2.04169e-08 	0.0796313 	60	0	0
371 	-1.99082e-09 	0.0882185 	60	0	0
372 	-2.05797e-10 	0.0997951 	60	0	0
373 	-8.16998e-12 	0.115707 	60	0	0
374 	-7.43417e-15 	0.138023 	60	0	0
375 	0 	0.170183 	60	0	0
376 	0 	0.217999 	60	0	0
377 	0 	0.290432 	60	0	0
378 	0 	0.395216 	60	0	0
379 	0 	0.5 	60	0	0
380 	-1.67961e-05 	0.0088848 	60	0	0
381 	-1.20943e-05 	0.0175375 	60	0	0
382 	-6.44808e-06 	0.0257472 	60	0	0
383 	-2.43728e-06 	0.0333596 	60	0	0
384 	-6.03153e-07 	0.040297 	60	0	0
385 	-8.67565e-08 	0.0465651 	60	0	0
386 	-6.65497e-09 	0.0522598 	60	0	0
387 	-2.91853e-10 	0.0575742 	60	0	0
388 	-7.92949e-12 	0.0628048 	60	0	0
389 	-1.13379e-13 	0.0683592 	60	0	0
390 	-9.62454e-16 	0.0747728 	60	0	0
391 	-1.12804e-17 	0.0827414 	60	0	0
392 	-1.57218e-19 	0.0932017 	60	0	0
393 	0 	0.107529 	60	0	0
394 	0 	0.128005 	60	0	0
395 	0 	0.158941 	60	0	0
396 	0 	0.209568 	60	0	0
397 	0 	0.302392 	60	0	0
398 	0 	0.5 	60	0	0
399 	0 	1 	60	0	0
0 	-1 	1 	60	0.998546	0.998546
1 	-0.499996 	0.5 	60	0.996682	0.996682
2 	-0.302421 	0.302435 	60	0.994041	0.994041
3 	-0.209497 	0.20953 	60	0.99065	0.99065
4 	-0.158582 	0.158646 	60	0.986568	0.986568
5 	-0.127143 	0.127251 	60	0.981842	0.981842
6 	-0.105933 	0.106102 	60	0.97649	0.97649
7 	-0.0906586 	0.0909068 	60	0.970497	0.970497
8 	-0.0791036 	0.0794513 	60	0.963794	0.963794
9 	-0.070016 	0.0704863 	60	0.956219	0.956219
10 	-0.0626357 	0.0632561 	60	0.94739	0.94739
11 	-0.0564694 	0.0572757 	60	0.936636	0.936636
12 	-0.0511761 	0.0522179 	60	0.923037	0.923037
13 	-0.0465018 	0.0478513 	60	0.904217	0.904217
14 	-0.0422264 	0.044002 	60	0.876052	0.876052
15 	-0.038114 	0.0405215 	60	0.829549	0.829549
16 	-0.0338236 	0.0372474 	60	0.734262	0.734262
17 	-0.028449 	0.0337506 	60	0.531334	0.531334
18 	-0.0197693 	0.0283746 	60	0.120974	0.120974
19 	-0.00546755 	0.0153692 	60	0.00100771	0.00100771
20 	-0.499996 	0.5 	60	0.996682	0.996682
21 	-0.39511 	0.395129 	60	0.994705	0.994705
22 	-0.290431 	0.29047 	60	0.992047	0.992047
23 	-0.218089 	0.218157 	60	0.988705	0.988705
24 	-0.170235 	0.170344 	60	0.984701	0.984701
25 	-0.137824 	0.137987 	60	0.980057	0.980057
26 	-0.114975 	0.11521 	60	0.974782	0.974782
27 	-0.0981956 	0.0985208 	60	0.968853	0.968853
28 	-0.0854114 	0.0858478 	60	0.962199	0.962199
29 	-0.0753518 	0.075924 	60	0.954646	0.954646
30 	-0.0672083 	0.0679463 	60	0.945788	0.945788
31 	-0.0604423 	0.0613858 	60	0.93498	0.93498
32 	-0.0546772 	0.0558824 	60	0.921282	0.921282
33 	-0.0496335 	0.0511837 	60	0.902203	0.902203
34 	-0.0450782 	0.0471144 	60	0.873549	0.873549
35 	-0.0407801 	0.0435571 	60	0.825665	0.825665
36 	-0.0365487 	0.0406218 	60	0.727537	0.727537
37 	-0.0319757 	0.0390626 	60	0.515643	0.515643
38 	-0.0238245 	0.040951 	60	0.105789	0.105789
39 	-0.00532103 	0.0300353 	60	0.000725601	0.000725601
40 	-0.302421 	0.302435 	60	0.994041	0.994041
41 	-0.290431 	0.29047 	60	0.992047	0.992047
42 	-0.246324 	0.246395 	60	0.989386	0.989386
43 	-0.202294 	0.202405 	60	0.986075	0.986075
44 	-0.166478 	0.166641 	60	0.982128	0.982128
45 	-0.13894 	0.139169 	60	0.977553	0.977553
46 	-0.117925 	0.118237 	60	0.972345	0.972345
47 	-0.101704 	0.102118 	60	0.966474	0.966474
48 	-0.0889533 	0.0894914 	60	0.959853	0.959853
49 	-0.0787226 	0.0794107 	60	0.952283	0.952283
50 	-0.0703424 	0.0712134 	60	0.94332	0.94332
51 	-0.0633345 	0.064433 	60	0.93235	0.93235
52 	-0.0573479 	0.0587373 	60	0.91838	0.91838
53 	-0.0521128 	0.0538892 	60	0.898719	0.898719
54 	-0.047402 	0.049732 	60	0.869083	0.869083
55 	-0.043004 	0.046197 	60	0.818535	0.818535
56 	-0.0388991 	0.0437053 	60	0.715162	0.715162
57 	-0.0353026 	0.0444786 	60	0.485911	0.485911
58 	-0.0269004 	0.0530511 	60	0.0814333	0.0814333
59 	-0.00474137 	0.0433932 	60	0.000386862	0.000386862
60 	-0.209497 	0.20953 	60	0.99065	0.99065
61 	-0.218089 	0.218157 	60	0.988705	0.988705
62 	-0.202294 	0.202405 	60	0.986075	0.986075
63 	-0.178375 	0.178539 	60	0.982803	0.982803
64 	-0.154487 	0.154714 	60	0.978906	0.978906
65 	-0.133542 	0.133848 	60	0.974387	0.974387
66 	-0.116067 	0.116468 	60	0.969232	0.969232
67 	-0.101717 	0.102233 	60	0.963396	0.963396
68 	-0.0899361 	0.0905904 	60	0.956773	0.956773
69 	-0.0801919 	0.0810122 	60	0.949119	0.949119
70 	-0.0720375 	0.07306 	60	0.939958	0.939958
71 	-0.0651159 	0.066391 	60	0.928709	0.928709
72 	-0.0591434 	0.0607427 	60	0.914256	0.914256
73 	-0.0538867 	0.0559217 	60	0.893633	0.893633
74 	-0.0491417 	0.051809 	60	0.862412	0.862412
75 	-0.0447393 	0.0484147 	60	0.807619	0.807619
76 	-0.0408532 	0.0465277 	60	0.696345	0.696345
77 	-0.0385826 	0.0504674 	60	0.439336	0.439336
78 	-0.0284505 	0.0643364 	60	0.0535576	0.0535576
79 	-0.0038143 	0.0550718 	60	0.000146232	0.000146232
80 	-0.158582 	0.158646 	60	0.986568	0.986568
81 	-0.170235 	0.170344 	60	0.984701	0.984701
82 	-0.166478 	0.166641 	60	0.982128	0.982128
83 	-0.154487 	0.154714 	60	0.978906	0.978906
84 	-0.139581 	0.139886 	60	0.975057	0.975057
85 	-0.124684 	0.125079 	60	0.970583	0.970583
86 	-0.111071 	0.111576 	60	0.965459	0.965459
87 	-0.0991325 	0.0997663 	60	0.959625	0.959625
88 	-0.0888424 	0.0896298 	60	0.952943	0.952943
89 	-0.080016 	0.0809874 	60	0.945106	0.945106
90 	-0.0724248 	0.073621 	60	0.935643	0.935643
91 	-0.0658469 	0.0673249 	60	0.923976	0.923976
92 	-0.0600817 	0.0619228 	60	0.908758	0.908758
93 	-0.0549466 	0.0572815 	60	0.886725	0.886725
94 	-0.0502708 	0.053332 	60	0.853135	0.853135
95 	-0.0459605 	0.0502107 	60	0.792118	0.792118
96 	-0.0423907 	0.0491353 	60	0.669606	0.669606
97 	-0.0419362 	0.0576147 	60	0.372124	0.372124
98 	-0.0279096 	0.0740953 	60	0.0286411	0.0286411
99 	-0.00273054 	0.064931 	60	3.61883e-05	3.61883e-05
100 	-0.127143 	0.127251 	60	0.981842	0.981842
101 	-0.137824 	0.137987 	60	0.980057	0.980057
102 	-0.13894 	0.139169 	60	0.977553	0.977553
103 	-0.133542 	0.133848 	60	0.974387	0.974387
104 	-0.124684 	0.125079 	60	0.970583	0.970583
105 	-0.114538 	0.115039 	60	0.966137	0.966137
106 	-0.104386 	0.105011 	60	0.961015	0.961015
107 	-0.0948693 	0.0956383 	60	0.955133	0.955133
108 	-0.0862402 	0.0871803 	60	0.948298	0.948298
109 	-0.0785417 	0.0796869 	60	0.940153	0.940153
110 	-0.0717128 	0.0731098 	60	0.930274	0.930274
111 	-0.0656488 	0.067362 	60	0.918003	0.918003
112 	-0.0602276 	0.0623506 	60	0.901624	0.901624
113 	-0.0553183 	0.0580061 	60	0.877653	0.877653
114 	-0.050787 	0.0543165 	60	0.840607	0.840607
115 	-0.046657 	0.0516107 	60	0.771076	0.771076
116 	-0.0435068 	0.0516209 	60	0.632509	0.632509
117 	-0.045214 	0.0664055 	60	0.283072	0.283072
118 	-0.0250445 	0.0816287 	60	0.0116276	0.0116276
119 	-0.00171077 	0.0730082 	60	5.20509e-06	5.20509e-06
120 	-0.105933 	0.106102 	60	0.97649	0.97649
121 	-0.114975 	0.11521 	60	0.974782	0.974782
122 	-0.117925 	0.118237 	60	0.972345	0.972345
123 	-0.116067 	0.116468 	60	0.969232	0.969232
124 	-0.111071 	0.111576 	60	0.965459	0.965459
125 	-0.104386 	0.105011 	60	0.961015	0.961015
126 	-0.0970421 	0.0978052 	60	0.955847	0.955847
127 	-0.0896803 	0.0906057 	60	0.949827	0.949827
128 	-0.0826534 	0.0837703 	60	0.942699	0.942699
129 	-0.0761229 	0.0774705 	60	0.934127	0.934127
130 	-0.0701355 	0.071767 	60	0.923695	0.923695
131 	-0.0646724 	0.0666613 	60	0.910538	0.910538
132 	-0.0596737 	0.06213 	60	0.892442	0.892442
133 	-0.0550521 	0.0581625 	60	0.865912	0.865912
134 	-0.0507146 	0.0548126 	60	0.823841	0.823841
135 	-0.0468371 	0.0526763 	60	0.743507	0.743507
136 	-0.0442937 	0.0542524 	60	0.581408	0.581408
137 	-0.0475758 	0.0765874 	60	0.183409	0.183409
138 	-0.0203382 	0.0869334 	60	0.00340686	0.00340686
139 	-0.000923842 	0.0794944 	60	3.99241e-07	3.99241e-07
140 	-0.0906586 	0.0909068 	60	0.970497	0.970497
141 	-0.0981956 	0.0985208 	60	0.968853	0.968853
142 	-0.101704 	0.102118 	60	0.966474	0.966474
143 	-0.101717 	0.102233 	60	0.963396	0.963396
144 	-0.0991325 	0.0997663 	60	0.959625	0.959625
145 	-0.0948693 	0.0956383 	60	0.955133	0.955133
146 	-0.0896803 	0.0906057 	60	0.949827	0.949827
147 	-0.0841078 	0.0852156 	60	0.943522	0.943522
148 	-0.0785029 	0.0798271 	60	0.935963	0.935963
149 	-0.073071 	0.0746569 	60	0.926846	0.926846
150 	-0.0679155 	0.0698242 	60	0.915646	0.915646
151 	-0.063071 	0.0653877 	60	0.901126	0.901126
152 	-0.0585205 	0.0613782 	60	0.880647	0.880647
153 	-0.0542113 	0.0578376 	60	0.850781	0.850781
154 	-0.0501134 	0.0549194 	60	0.80143	0.80143
155 	-0.0465624 	0.0535515 	60	0.707953	0.707953
156 	-0.0451132 	0.0577687 	60	0.510852	0.510852
157 	-0.0474982 	0.0865927 	60	0.0983685	0.0983685
158 	-0.014809 	0.0907778 	60	0.000740514	0.000740514
159 	-0.000422041 	0.0847108 	60	1.72115e-08	1.72115e-08
160 	-0.0791036 	0.0794513 	60	0.963794	0.963794
161 	-0.0854114 	0.0858478 	60	0.962199	0.962199
162 	-0.0889533 	0.0894914 	60	0.959853	0.959853
163 	-0.0899361 	0.0905904 	60	0.956773	0.956773
164 	-0.0888424 	0.0896298 	60	0.952943	0.952943
165 	-0.0862402 	0.0871803 	60	0.948298	0.948298
166 	-0.0826534 	0.0837703 	60	0.942699	0.942699
167 	-0.0785029 	0.0798271 	60	0.935963	0.935963
168 	-0.0740946 	0.0756659 	60	0.927858	0.927858
169 	-0.0696331 	0.071504 	60	0.918012	0.918012
170 	-0.0652423 	0.0674834 	60	0.905653	0.905653
171 	-0.0609817 	0.0636953 	60	0.888993	0.888993
172 	-0.0568584 	0.0602105 	60	0.865524	0.865524
173 	-0.0528535 	0.0571216 	60	0.831139	0.831139
174 	-0.0490444 	0.054757 	60	0.771586	0.771586
175 	-0.0459105 	0.0544386 	60	0.66181	0.66181
176 	-0.0464523 	0.0633825 	60	0.413331	0.413331
177 	-0.043814 	0.0941678 	60	0.043197	0.043197
178 	-0.0093915 	0.0938407 	60	0.00012311	0.00012311
179 	-0.000151521 	0.0890062 	60	0	0
180 	-0.070016 	0.0704863 	60	0.956219	0.956219
181 	-0.0753518 	0.075924 	60	0.954646	0.954646
182 	-0.0787226 	0.0794107 	60	0.952283	0.952283
183 	-0.0801919 	0.0810122 	60	0.949119	0.949119
184 	-0.080016 	0.0809874 	60	0.945106	0.945106
185 	-0.0785417 	0.0796869 	60	0.940153	0.940153
186 	-0.0761229 	0.0774705 	60	0.934127	0.934127
187 	-0.073071 	0.0746569 	60	0.926846	0.926846
188 	-0.0696331 	0.071504 	60	0.918012	0.918012
189 	-0.0659904 	0.0682074 	60	0.907062	0.907062
190 	-0.0622624 	0.0649103 	60	0.892764	0.892764
191 	-0.0585122 	0.0617202 	60	0.873156	0.873156
192 	-0.0547589 	0.0587345 	60	0.846101	0.846101
193 	-0.0510204 	0.0561034 	60	0.805089	0.805089
194 	-0.0474951 	0.0543947 	60	0.732559	0.732559
195 	-0.0448372 	0.0554611 	60	0.601998	0.601998
196 	-0.0480362 	0.0717986 	60	0.288516	0.288516
197 	-0.036932 	0.098376 	60	0.0147822	0.0147822
198 	-0.00490287 	0.0965179 	60	1.4287e-05	1.4287e-05
199 	-3.69743e-05 	0.0927505 	60	0	0
200 	-0.0626357 	0.0632561 	60	0.94739	0.94739
201 	-0.0672083 	0.0679463 	60	0.945788	0.945788
202 	-0.0703424 	0.0712134 	60	0.94332	0.94332
203 	-0.0720375 	0.07306 	60	0.939958	0.939958
204 	-0.0724248 	0.073621 	60	0.935643	0.935643
205 	-0.0717128 	0.0731098 	60	0.930274	0.930274
206 	-0.0701355 	0.071767 	60	0.923695	0.923695
207 	-0.0679155 	0.0698242 	60	0.915646	0.915646
208 	-0.0652423 	0.0674834 	60	0.905653	0.905653
209 	-0.0622624 	0.0649103 	60	0.892764	0.892764
210 	-0.0590759 	0.0622389 	60	0.875533	0.875533
211 	-0.0557383 	0.059583 	60	0.852582	0.852582
212 	-0.0522829 	0.0570623 	60	0.820627	0.820627
213 	-0.0487706 	0.0549188 	60	0.769473	0.769473
214 	-0.0454562 	0.0539484 	60	0.682626	0.682626
215 	-0.0433939 	0.0569659 	60	0.525909	0.525909
216 	-0.0481609 	0.0818638 	60	0.167574	0.167574
217 	-0.0287916 	0.100781 	60	0.00408553	0.00408553
218 	-0.00214251 	0.0994396 	60	1.22501e-06	1.22501e-06
219 	-6.6802e-06 	0.0964701 	60	0	0
220 	-0.0564694 	0.0572757 	60	0.936636	0.936636
221 	-0.0604423 	0.0613858 	60	0.93498	0.93498
222 	-0.0633345 	0.064433 	60	0.93235	0.93235
223 	-0.0651159 	0.066391 	60	0.928709	0.928709
224 	-0.0658469 	0.0673249 	60	0.923976	0.923976
225 	-0.0656488 	0.067362 	60	0.918003	0.918003
226 	-0.0646724 	0.0666613 	60	0.910538	0.910538
227 	-0.063071 	0.0653877 	60	0.901126	0.901126
228 	-0.0609817 	0.0636953 	60	0.888993	0.888993
229 	-0.0585122 	0.0617202 	60	0.873156	0.873156
230 	-0.0557383 	0.059583 	60	0.852582	0.852582
231 	-0.0527142 	0.0574015 	60	0.825168	0.825168
232 	-0.0494852 	0.055332 	60	0.785133	0.785133
233 	-0.0461736 	0.05378 	60	0.720213	0.720213
234 	-0.0430718 	0.0537902 	60	0.620687	0.620687
235 	-0.0420477 	0.0600615 	60	0.431973	0.431973
236 	-0.0450827 	0.0908586 	60	0.0882855	0.0882855
237 	-0.0211832 	0.103572 	60	0.00115069	0.00115069
238 	-0.0010931 	0.103514 	60	1.18979e-07	1.18979e-07
239 	-2.00754e-06 	0.10094 	60	0	0
240 	-0.0511761 	0.0522179 	60	0.923037	0.923037
241 	-0.0546772 	0.0558824 	60	0.921282	0.921282
242 	-0.0573479 	0.0587373 	60	0.91838	0.91838
243 	-0.0591434 	0.0607427 	60	0.914256	0.914256
244 	-0.0600817 	0.0619228 	60	0.908758	0.908758
245 	-0.0602276 	0.0623506 	60	0.901624	0.901624
246 	-0.0596737 	0.06213 	60	0.892442	0.892442
247 	-0.0585205 	0.0613782 	60	0.880647	0.880647
248 	-0.0568584 	0.0602105 	60	0.865524	0.865524
249 	-0.0547589 	0.0587345 	60	0.846101	0.846101
250 	-0.0522829 	0.0570623 	60	0.820627	0.820627
251 	-0.0494852 	0.055332 	60	0.785133	0.785133
252 	-0.0464334 	0.0537872 	60	0.731775	0.731775
253 	-0.0432775 	0.0530053 	60	0.656482	0.656482
254 	-0.0405447 	0.0544803 	60	0.545863	0.545863
255 	-0.0409138 	0.0657535 	60	0.322638	0.322638
256 	-0.0392462 	0.0974334 	60	0.043305	0.043305
257 	-0.0149924 	0.108165 	60	0.000324383	0.000324383
258 	-0.000784584 	0.109969 	60	1.22597e-08	1.22597e-08
259 	-1.45096e-06 	0.107305 	60	0	0
260 	-0.0465018 	0.0478513 	60	0.904217	0.904217
261 	-0.0496335 	0.0511837 	60	0.902203	0.902203
262 	-0.0521128 	0.0538892 	60	0.898719	0.898719
263 	-0.0538867 	0.0559217 	60	0.893633	0.893633
264 	-0.0549466 	0.0572815 	60	0.886725	0.886725
265 	-0.0553183 	0.0580061 	60	0.877653	0.877653
266 	-0.0550521 	0.0581625 	60	0.865912	0.865912
267 	-0.0542113 	0.0578376 	60	0.850781	0.850781
268 	-0.0528535 	0.0571216 	60	0.831139	0.831139
269 	-0.0510204 	0.0561034 	60	0.805089	0.805089
270 	-0.0487706 	0.0549188 	60	0.769473	0.769473
271 	-0.0461736 	0.05378 	60	0.720213	0.720213
272 	-0.0432775 	0.0530053 	60	0.656482	0.656482
273 	-0.040337 	0.0533338 	60	0.575425	0.575425
274 	-0.0382437 	0.0570829 	60	0.448047	0.448047
275 	-0.039455 	0.0743442 	60	0.201894	0.201894
276 	-0.0329034 	0.103901 	60	0.0160183	0.0160183
277 	-0.0108666 	0.116793 	60	5.56563e-05	5.56563e-05
278 	-0.000678945 	0.120857 	60	0	0
279 	-1.70317e-06 	0.117372 	60	0	0
280 	-0.0422264 	0.044002 	60	0.876052	0.876052
281 	-0.0450782 	0.0471144 	60	0.873549	0.873549
282 	-0.047402 	0.049732 	60	0.869083	0.869083
283 	-0.0491417 	0.051809 	60	0.862412	0.862412
284 	-0.0502708 	0.053332 	60	0.853135	0.853135
285 	-0.050787 	0.0543165 	60	0.840607	0.840607
286 	-0.0507146 	0.0548126 	60	0.823841	0.823841
287 	-0.0501134 	0.0549194 	60	0.80143	0.80143
288 	-0.0490444 	0.054757 	60	0.771586	0.771586
289 	-0.0474951 	0.0543947 	60	0.732559	0.732559
290 	-0.0454562 	0.0539484 	60	0.682626	0.682626
291 	-0.0430718 	0.0537902 	60	0.620687	0.620687
292 	-0.0405447 	0.0544803 	60	0.545863	0.545863
293 	-0.0382437 	0.0570829 	60	0.448047	0.448047
294 	-0.0371064 	0.0649204 	60	0.29326	0.29326
295 	-0.0377281 	0.0879488 	60	0.0757969	0.0757969
296 	-0.0284648 	0.116198 	60	0.00223972	0.00223972
297 	-0.00919092 	0.132961 	60	1.42435e-06	1.42435e-06
298 	-0.000767502 	0.13929 	60	0	0
299 	-3.56939e-06 	0.13402 	60	0	0
300 	-0.038114 	0.0405215 	60	0.829549	0.829549
301 	-0.0407801 	0.0435571 	60	0.825665	0.825665
302 	-0.043004 	0.046197 	60	0.818535	0.818535
303 	-0.0447393 	0.0484147 	60	0.807619	0.807619
304 	-0.0459605 	0.0502107 	60	0.792118	0.792118
305 	-0.046657 	0.0516107 	60	0.771076	0.771076
306 	-0.0468371 	0.0526763 	60	0.743507	0.743507
307 	-0.0465624 	0.0535515 	60	0.707953	0.707953
308 	-0.0459105 	0.0544386 	60	0.66181	0.66181
309 	-0.0448372 	0.0554611 	60	0.601998	0.601998
310 	-0.0433939 	0.0569659 	60	0.525909	0.525909
311 	-0.0420477 	0.0600615 	60	0.431973	0.431973
312 	-0.0409138 	0.0657535 	60	0.322638	0.322638
313 	-0.039455 	0.0743442 	60	0.201894	0.201894
314 	-0.0377281 	0.0879488 	60	0.0757969	0.0757969
315 	-0.0352514 	0.112201 	60	0.00549777	0.00549777
316 	-0.0258381 	0.138877 	60	1.51073e-05	1.51073e-05
317 	-0.00941134 	0.159455 	60	0	0
318 	-0.00115827 	0.169321 	60	0	0
319 	-1.33814e-05 	0.162046 	60	0	0
320 	-0.0338236 	0.0372474 	60	0.734262	0.734262
321 	-0.0365487 	0.0406218 	60	0.727537	0.727537
322 	-0.0388991 	0.0437053 	60	0.715162	0.715162
323 	-0.0408532 	0.0465277 	60	0.696345	0.696345
324 	-0.0423907 	0.0491353 	60	0.669606	0.669606
325 	-0.0435068 	0.0516209 	60	0.632509	0.632509
326 	-0.0442937 	0.0542524 	60	0.581408	0.581408
327 	-0.0451132 	0.0577687 	60	0.510852	0.510852
328 	-0.0464523 	0.0633825 	60	0.413331	0.413331
329 	-0.0480362 	0.0717986 	60	0.288516	0.288516
330 	-0.0481609 	0.0818638 	60	0.167574	0.167574
331 	-0.0450827 	0.0908586 	60	0.0882855	0.0882855
332 	-0.0392462 	0.0974334 	60	0.043305	0.043305
333 	-0.0329034 	0.103901 	60	0.0160183	0.0160183
334 	-0.0284648 	0.116198 	60	0.00223972	0.00223972
335 	-0.0258381 	0.138877 	60	1.51073e-05	1.51073e-05
336 	-0.0203386 	0.167768 	60	0	0
337 	-0.00896635 	0.196659 	60	0	0
338 	-0.00153158 	0.216495 	60	0	0
339 	-3.85254e-05 	0.210823 	60	0	0
340 	-0.028449 	0.0337506 	60	0.531334	0.531334
341 	-0.0319757 	0.0390626 	60	0.515643	0.515643
342 	-0.0353026 	0.0444786 	60	0.485911	0.485911
343 	-0.0385826 	0.0504674 	60	0.439336	0.439336
344 	-0.0419362 	0.0576147 	60	0.372124	0.372124
345 	-0.045214 	0.0664055 	60	0.283072	0.283072
346 	-0.0475758 	0.0765874 	60	0.183409	0.183409
347 	-0.0474982 	0.0865927 	60	0.0983685	0.0983685
348 	-0.043814 	0.0941678 	60	0.043197	0.043197
349 	-0.036932 	0.098376 	60	0.0147822	0.0147822
350 	-0.0287916 	0.100781 	60	0.00408553	0.00408553
351 	-0.0211832 	0.103572 	60	0.00115069	0.00115069
352 	-0.0149924 	0.108165 	60	0.000324383	0.000324383
353 	-0.0108666 	0.116793 	60	5.56563e-05	5.56563e-05
354 	-0.00919092 	0.132961 	60	1.42435e-06	1.42435e-06
355 	-0.00941134 	0.159455 	60	0	0
356 	-0.00896635 	0.196659 	60	0	0
357 	-0.00472953 	0.242918 	60	0	0
358 	-0.000857226 	0.289177 	60	0	0
359 	-2.26356e-05 	0.302706 	60	0	0
360 	-0.0197693 	0.0283746 	60	0.120974	0.120974
361 	-0.0238245 	0.040951 	60	0.105789	0.105789
362 	-0.0269004 	0.0530511 	60	0.0814333	0.0814333
363 	-0.0284505 	0.0643364 	60	0.0535576	0.0535576
364 	-0.0279096 	0.0740953 	60	0.0286411	0.0286411
365 	-0.0250445 	0.0816287 	60	0.0116276	0.0116276
366 	-0.0203382 	0.0869334 	60	0.00340686	0.00340686
367 	-0.014809 	0.0907778 	60	0.000740514	0.000740514
368 	-0.0093915 	0.0938407 	60	0.00012311	0.00012311
369 	-0.00490287 	0.0965179 	60	1.4287e-05	1.4287e-05
370 	-0.00214251 	0.0994396 	60	1.22501e-06	1.22501e-06
371 	-0.0010931 	0.103514 	60	1.18979e-07	1.18979e-07
372 	-0.000784584 	0.109969 	60	1.22597e-08	1.22597e-08
373 	-0.000678945 	0.120857 	60	0	0
374 	-0.000767502 	0.13929 	60	0	0
375 	-0.00115827 	0.169321 	60	0	0
376 	-0.00153158 	0.216495 	60	0	0
377 	-0.000857226 	0.289177 	60	0	0
378 	-9.67253e-05 	0.394588 	60	0	0
379 	-7.09827e-07 	0.5 	60	0	0
380 	-0.00546755 	0.0153692 	60	0.00100771	0.00100771
381 	-0.00532103 	0.0300353 	60	0.000725601	0.000725601
382 	-0.00474137 	0.0433932 	60	0.000386862	0.000386862
383 	-0.0038143 	0.0550718 	60	0.000146232	0.000146232
384 	-0.00273054 	0.064931 	60	3.61883e-05	3.61883e-05
385 	-0.00171077 	0.0730082 	60	5.20509e-06	5.20509e-06
386 	-0.000923842 	0.0794944 	60	3.99241e-07	3.99241e-07
387 	-0.000422041 	0.0847108 	60	1.72115e-08	1.72115e-08
388 	-0.000151521 	0.0890062 	60	0	0
389 	-3.69743e-05 	0.0927505 	60	0	0
390 	-6.6802e-06 	0.0964701 	60	0	0
391 	-2.00754e-06 	0.10094 	60	0	0
392 	-1.45096e-06 	0.107305 	60	0	0
393 	-1.70317e-06 	0.117372 	60	0	0
394 	-3.56939e-06 	0.13402 	60	0	0
395 	-1.33814e-05 	0.162046 	60	0	0
396 	-3.85254e-05 	0.210823 	60	0	0
397 	-2.26356e-05 	0.302706 	60	0	0
398 	-7.09827e-07 	0.5 	60	0	0
399 	-1.81357e-10 	1 	60	0	0
0 	-1 	1 	60	0.999068	0.999068
1 	-0.499998 	0.5 	60	0.997834	0.997834
2 	-0.302396 	0.302403 	60	0.996046	0.996046
3 	-0.209451 	0.209468 	60	0.993708	0.993708
4 	-0.15852 	0.158554 	60	0.990855	0.990855
5 	-0.127059 	0.127119 	60	0.98752	0.98752
6 	-0.105817 	0.10591 	60	0.983722	0.983722
7 	-0.0904944 	0.0906324 	60	0.979467	0.979467
8 	-0.0788691 	0.0790634 	60	0.974739	0.974739
9 	-0.069686 	0.0699492 	60	0.969487	0.969487
10 	-0.0621822 	0.0625286 	60	0.96359	0.96359
11 	-0.0558644 	0.0563104 	60	0.956828	0.956828
12 	-0.0503951 	0.0509609 	60	0.948883	0.948883
13 	-0.0455294 	0.0462408 	60	0.939103	0.939103
14 	-0.0410764 	0.0419694 	60	0.926374	0.926374
15 	-0.0368705 	0.0379989 	60	0.908586	0.908586
16 	-0.032743 	0.0341935 	60	0.879885	0.879885
17 	-0.0284548 	0.0303939 	60	0.82738	0.82738
18 	-0.0235398 	0.0262983 	60	0.701481	0.701481
19 	-0.0162718 	0.0204968 	60	0.310698	0.310698
20 	-0.499998 	0.5 	60	0.997834	0.997834
21 	-0.395184 	0.395194 	60	0.996505	0.996505
22 	-0.290511 	0.290532 	60	0.994685	0.994685
23 	-0.218162 	0.218198 	60	0.992364	0.992364
24 	-0.170302 	0.170361 	60	0.98955	0.98955
25 	-0.137886 	0.137976 	60	0.98626	0.98626
26 	-0.115028 	0.115158 	60	0.982508	0.982508
27 	-0.0982304 	0.0984121 	60	0.978295	0.978295
28 	-0.0854141 	0.0856591 	60	0.973603	0.973603
29 	-0.0753049 	0.0756269 	60	0.968378	0.968378
30 	-0.0670924 	0.0675069 	60	0.962493	0.962493
31 	-0.0602395 	0.0607651 	60	0.955731	0.955731
32 	-0.0543752 	0.0550353 	60	0.947775	0.947775
33 	-0.0492313 	0.0500572 	60	0.937952	0.937952
34 	-0.0446034 	0.0456406 	60	0.925132	0.925132
35 	-0.0403233 	0.0416437 	60	0.907106	0.907106
36 	-0.0362388 	0.0379703 	60	0.877942	0.877942
37 	-0.0321987 	0.0346222 	60	0.824088	0.824088
38 	-0.0283727 	0.0324209 	60	0.695079	0.695079
39 	-0.0257393 	0.0415107 	60	0.290324	0.290324
40 	-0.302396 	0.302403 	60	0.996046	0.996046
41 	-0.290511 	0.290532 	60	0.994685	0.994685
42 	-0.246458 	0.246496 	60	0.992843	0.992843
43 	-0.20246 	0.20252 	60	0.990525	0.990525
44 	-0.166671 	0.16676 	60	0.987736	0.987736
45 	-0.139159 	0.139286 	60	0.984484	0.984484
46 	-0.118168 	0.118342 	60	0.980774	0.980774
47 	-0.101969 	0.102201 	60	0.976601	0.976601
48 	-0.0892304 	0.0895339 	60	0.971943	0.971943
49 	-0.0790023 	0.0793914 	60	0.966738	0.966738
50 	-0.0706147 	0.0711062 	60	0.960847	0.960847
51 	-0.0635925 	0.0642075 	60	0.954057	0.954057
52 	-0.0575932 	0.0583587 	60	0.946044	0.946044
53 	-0.0523624 	0.0533154 	60	0.936099	0.936099
54 	-0.0477043 	0.0489007 	60	0.923071	0.923071
55 	-0.0434608 	0.0449916 	60	0.904567	0.904567
56 	-0.0395019 	0.041538 	60	0.874517	0.874517
57 	-0.0357708 	0.0387113 	60	0.818114	0.818114
58 	-0.0330897 	0.0384865 	60	0.683447	0.683447
59 	-0.0353099 	0.063212 	60	0.254786	0.254786
60 	-0.209451 	0.209468 	60	0.993708	0.993708
61 	-0.218162 	0.218198 	60	0.992364	0.992364
62 	-0.20246 	0.20252 	60	0.990525	0.990525
63 	-0.178617 	0.178707 	60	0.988217	0.988217
64 	-0.154798 	0.154924 	60	0.98545	0.98545
65 	-0.133923 	0.134093 	60	0.982229	0.982229
66 	-0.116515 	0.11674 	60	0.978554	0.978554
67 	-0.102233 	0.102524 	60	0.974415	0.974415
68 	-0.0905167 	0.0908872 	60	0.969781	0.969781
69 	-0.0808337 	0.0812992 	60	0.964578	0.964578
70 	-0.0727394 	0.0733184 	60	0.958654	0.958654
71 	-0.0658828 	0.0665988 	60	0.951801	0.951801
72 	-0.0599913 	0.0608752 	60	0.943674	0.943674
73 	-0.0548513 	0.0559466 	60	0.933514	0.933514
74 	-0.0502932 	0.0516667 	60	0.920138	0.920138
75 	-0.0461774 	0.0479405 	60	0.900866	0.900866
76 	-0.0423981 	0.0447669 	60	0.869454	0.869454
77 	-0.0390027 	0.0425004 	60	0.8091	0.8091
78 	-0.0374772 	0.0443109 	60	0.665553	0.665553
79 	-0.0444907 	0.0853701 	60	0.206718	0.206718
80 	-0.15852 	0.158554 	60	0.990855	0.990855
81 	-0.170302 	0.170361 	60	0.98955	0.98955
82 	-0.166671 	0.16676 	60	0.987736	0.987736
83 	-0.154798 	0.154924 	60	0.98545	0.98545
84 	-0.14001 	0.140179 	60	0.982708	0.982708
85 	-0.125229 	0.12545 	60	0.979515	0.979515
86 	-0.111736 	0.11202 	60	0.975869	0.975869
87 	-0.0999172 	0.100276 	60	0.971753	0.971753
88 	-0.0897493 	0.0901969 	60	0.967127	0.967127
89 	-0.0810481 	0.0816009 	60	0.961896	0.961896
90 	-0.0735899 	0.0742683 	60	0.955905	0.955905
91 	-0.0671611 	0.0679917 	60	0.948944	0.948944
92 	-0.0615754 	0.0625933 	60	0.94063	0.94063
93 	-0.0566738 	0.0579296 	60	0.930143	0.930143
94 	-0.0523224 	0.053895 	60	0.916243	0.916243
95 	-0.0484053 	0.0504283 	60	0.895846	0.895846
96 	-0.0448421 	0.0475802 	60	0.862484	0.862484
97 	-0.0418088 	0.0459242 	60	0.79652	0.79652
98 	-0.0415117 	0.0499717 	60	0.63945	0.63945
99 	-0.0524323 	0.107248 	60	0.15149	0.15149
100 	-0.127059 	0.127119 	60	0.98752	0.98752
101 	-0.137886 	0.137976 	60	0.98626	0.98626
102 	-0.139159 	0.139286 	60	0.984484	0.984484
103 	-0.133923 	0.134093 	60	0.982229	0.982229
104 	-0.125229 	0.12545 	60	0.979515	0.979515
105 	-0.115253 	0.115535 	60	0.976348	0.976348
106 	-0.105275 	0.105628 	60	0.972723	0.972723
107 	-0.0959362 	0.0963734 	60	0.968615	0.968615
108 	-0.0874917 	0.0880277 	60	0.963968	0.963968
109 	-0.0799871 	0.0806398 	60	0.958672	0.958672
110 	-0.0733681 	0.0741604 	60	0.952572	0.952572
111 	-0.0675408 	0.0685023 	60	0.945446	0.945446
112 	-0.0624009 	0.0635716 	60	0.936847	0.936847
113 	-0.0578454 	0.059284 	60	0.925897	0.925897
114 	-0.053779 	0.0555779 	60	0.911241	0.911241
115 	-0.0501137 	0.0524319 	60	0.889301	0.889301
116 	-0.0468 	0.049957 	60	0.853193	0.853193
117 	-0.0442 	0.0490306 	60	0.77975	0.77975
118 	-0.045487 	0.0559918 	60	0.602056	0.602056
119 	-0.0580213 	0.127604 	60	0.09754	0.09754
120 	-0.105817 	0.10591 	60	0.983722	0.983722
121 	-0.115028 	0.115158 	60	0.982508	0.982508
122 	-0.118168 	0.118342 	60	0.980774	0.980774
123 	-0.116515 	0.11674 	60	0.978554	0.978554
124 	-0.111736 	0.11202 	60	0.975869	0.975869
125 	-0.105275 	0.105628 	60	0.972723	0.972723
126 	-0.0981627 	0.0985965 	60	0.969105	0.969105
127 	-0.0910416 	0.0915694 	60	0.964979	0.964979
128 	-0.0842658 	0.0849035 	60	0.960271	0.960271
129 	-0.0780018 	0.0787695 	60	0.954864	0.954864
130 	-0.0723045 	0.0732277 	60	0.948605	0.948605
131 	-0.0671679 	0.0682799 	60	0.941239	0.941239
132 	-0.062554 	0.0639005 	60	0.932222	0.932222
133 	-0.0584094 	0.0600586 	60	0.920643	0.920643
134 	-0.0546753 	0.0567349 	60	0.904922	0.904922
135 	-0.0512956 	0.0539549 	60	0.88098	0.88098
136 	-0.048267 	0.0519112 	60	0.841003	0.841003
137 	-0.046231 	0.0519256 	60	0.758315	0.758315
138 	-0.0500264 	0.0634198 	60	0.549267	0.549267
139 	-0.0600719 	0.144768 	60	0.0538843	0.0538843
140 	-0.0904944 	0.0906324 	60	0.979467	0.979467
141 	-0.0982304 	0.0984121 	60	0.978295	0.978295
142 	-0.101969 	0.102201 	60	0.976601	0.976601
143 	-0.102233 	0.102524 	60	0.974415	0.974415
144 	-0.0999172 	0.100276 	60	0.971753	0.971753
145 	-0.0959362 	0.0963734 	60	0.968615	0.968615
146 	-0.0910416 	0.0915694 	60	0.964979	0.964979
147 	-0.0857756 	0.0864085 	60	0.960795	0.960795
148 	-0.0804925 	0.0812483 	60	0.955976	0.955976
149 	-0.0754035 	0.0763046 	60	0.95041	0.95041
150 	-0.0706213 	0.0716963 	60	0.943927	0.943927
151 	-0.0661953 	0.0674818 	60	0.936206	0.936206
152 	-0.0621348 	0.0636855 	60	0.926604	0.926604
153 	-0.0584247 	0.0603191 	60	0.914191	0.914191
154 	-0.0550379 	0.0574017 	60	0.896992	0.896992
155 	-0.0519521 	0.0550115 	60	0.870536	0.870536
156 	-0.0492403 	0.0534632 	60	0.82519	0.82519
157 	-0.0479176 	0.0546847 	60	0.731738	0.731738
158 	-0.0559469 	0.0737824 	60	0.475531	0.475531
159 	-0.0575691 	0.156793 	60	0.0249887	0.0249887
160 	-0.0788691 	0.0790634 	60	0.974739	0.974739
161 	-0.0854141 	0.0856591 	60	0.973603	0.973603
162 	-0.0892304 	0.0895339 	60	0.971943	0.971943
163 	-0.0905167 	0.0908872 	60	0.969781	0.969781
164 	-0.0897493 	0.0901969 	60	0.967127	0.967127
165 	-0.0874917 	0.0880277 	60	0.963968	0.963968
166 	-0.0842658 	0.0849035 	60	0.960271	0.960271
167 	-0.0804925 	0.0812483 	60	0.955976	0.955976
168 	-0.0764813 	0.0773752 	60	0.950998	0.950998
169 	-0.0724431 	0.0735001 	60	0.945213	0.945213
170 	-0.068512 	0.0697645 	60	0.938408	0.938408
171 	-0.0647664 	0.0662575 	60	0.930156	0.930156
172 	-0.0612442 	0.0630353 	60	0.919779	0.919779
173 	-0.0579566 	0.0601404 	60	0.906265	0.906265
174 	-0.0549006 	0.0576249 	60	0.887066	0.887066
175 	-0.0520842 	0.0556199 	60	0.857446	0.857446
176 	-0.0497003 	0.0546234 	60	0.804905	0.804905
177 	-0.0491768 	0.0572849 	60	0.698511	0.698511
178 	-0.0638845 	0.0887954 	60	0.372289	0.372289
179 	-0.050211 	0.1622 	60	0.00904673	0.00904673
180 	-0.069686 	0.0699492 	60	0.969487	0.969487
181 	-0.0753049 	0.0756269 	60	0.968378	0.968378
182 	-0.0790023 	0.0793914 	60	0.966738	0.966738
183 	-0.0808337 	0.0812992 	60	0.964578	0.964578
184 	-0.0810481 	0.0816009 	60	0.961896	0.961896
185 	-0.0799871 	0.0806398 	60	0.958672	0.958672
186 	-0.0780018 	0.0787695 	60	0.954864	0.954864
187 	-0.0754035 	0.0763046 	60	0.95041	0.95041
188 	-0.0724431 	0.0735001 	60	0.945213	0.945213
189 	-0.0693086 	0.0705501 	60	0.939115	0.939115
190 	-0.0661335 	0.0675964 	60	0.931817	0.931817
191 	-0.0630055 	0.0647399 	60	0.922814	0.922814
192 	-0.0599763 	0.0620549 	60	0.911457	0.911457
193 	-0.0570725 	0.0596032 	60	0.896442	0.896442
194 	-0.054305 	0.0574637 	60	0.874655	0.874655
195 	-0.0517023 	0.0558132 	60	0.840981	0.840981
196 	-0.0496119 	0.0553949 	60	0.779361	0.779361
197 	-0.0498316 	0.0596227 	60	0.656056	0.656056
198 	-0.0731674 	0.109016 	60	0.238148	0.238148
199 	-0.0396789 	0.162248 	60	0.00221571	0.00221571
200 	-0.0621822 	0.0625286 	60	0.96359	0.96359
201 	-0.0670924 	0.0675069 	60	0.962493	0.962493
202 	-0.0706147 	0.0711062 	60	0.960847	0.960847
203 	-0.0727394 	0.0733184 	60	0.958654	0.958654
204 	-0.0735899 	0.0742683 	60	0.955905	0.955905
205 	-0.0733681 	0.0741604 	60	0.952572	0.952572
206 	-0.0723045 	0.0732277 	60	0.948605	0.948605
207 	-0.0706213 	0.0716963 	60	0.943927	0.943927
208 	-0.068512 	0.0697645 	60	0.938408	0.938408
209 	-0.0661335 	0.0675964 	60	0.931817	0.931817
210 	-0.0636057 	0.0653221 	60	0.923778	0.923778
211 	-0.0610138 	0.0630439 	60	0.913829	0.913829
212 	-0.0584145 	0.0608435 	60	0.901202	0.901202
213 	-0.0558406 	0.0587953 	60	0.884069	0.884069
214 	-0.0533077 	0.0570008 	60	0.859113	0.859113
215 	-0.0508659 	0.0556875 	60	0.820269	0.820269
216 	-0.0490275 	0.055892 	60	0.748616	0.748616
217 	-0.0500696 	0.0620894 	60	0.602431	0.602431
219 	-0.0297223 	0.162248 	60	0.000400719	0.000400719
218 	-0.0804147 	0.131264 	60	0.11791	0.11791
220 	-0.0558644 	0.0563104 	60	0.956828	0.956828
221 	-0.0602395 	0.0607651 	60	0.955731	0.955731
222 	-0.0635925 	0.0642075 	60	0.954057	0.954057
223 	-0.0658828 	0.0665988 	60	0.951801	0.951801
224 	-0.0671611 	0.0679917 	60	0.948944	0.948944
225 	-0.0675408 	0.0685023 	60	0.945446	0.945446
226 	-0.0671679 	0.0682799 	60	0.941239	0.941239
227 	-0.0661953 	0.0674818 	60	0.936206	0.936206
228 	-0.0647664 	0.0662575 	60	0.930156	0.930156
229 	-0.0630055 	0.0647399 	60	0.922814	0.922814
230 	-0.0610138 	0.0630439 	60	0.913829	0.913829
231 	-0.0588696 	0.0612666 	60	0.902666	0.902666
232 	-0.0566282 	0.0594927 	60	0.888221	0.888221
233 	-0.0543233 	0.0578091 	60	0.868199	0.868199
234 	-0.051978 	0.0563453 	60	0.839691	0.839691
235 	-0.0497125 	0.0554394 	60	0.7946	0.7946
236 	-0.048225 	0.056503 	60	0.712979	0.712979
237 	-0.0509982 	0.0663742 	60	0.536728	0.536728
238 	-0.0816385 	0.148662 	60	0.062799	0.062799
239 	-0.0220256 	0.165158 	60	0.000120444	0.000120444
240 	-0.0503951 	0.0509609 	60	0.948883	0.948883
241 	-0.0543752 	0.0550353 	60	0.947775	0.947775
242 	-0.0575932 	0.0583587 	60	0.946044	0.946044
243 	-0.0599913 	0.0608752 	60	0.943674	0.943674
244 	-0.0615754 	0.0625933 	60	0.94063	0.94063
245 	-0.0624009 	0.0635716 	60	0.936847	0.936847
246 	-0.062554 	0.0639005 	60	0.932222	0.932222
247 	-0.0621348 	0.0636855 	60	0.926604	0.926604
248 	-0.0612442 	0.0630353 	60	0.919779	0.919779
249 	-0.0599763 	0.0620549 	60	0.911457	0.911457
250 	-0.0584145 	0.0608435 	60	0.901202	0.901202
251 	-0.0566282 	0.0594927 	60	0.888221	0.888221
252 	-0.0546672 	0.05809 	60	0.871011	0.871011
253 	-0.0525638 	0.0567372 	60	0.847817	0.847817
254 	-0.0503718 	0.0556097 	60	0.815585	0.815585
255 	-0.0483553 	0.0552613 	60	0.76355	0.76355
256 	-0.0474413 	0.0576056 	60	0.671809	0.671809
257 	-0.0533416 	0.0739791 	60	0.460184	0.460184
258 	-0.0775914 	0.159377 	60	0.0455712	0.0455712
259 	-0.0160993 	0.170512 	60	8.70524e-05	8.70524e-05
260 	-0.0455294 	0.0462408 	60	0.939103	0.939103
261 	-0.0492313 	0.0500572 	60	0.937952	0.937952
262 	-0.0523624 	0.0533154 	60	0.936099	0.936099
263 	-0.0548513 	0.0559466 	60	0.933514	0.933514
264 	-0.0566738 	0.0579296 	60	0.930143	0.930143
265 	-0.0578454 	0.059284 	60	0.925897	0.925897
266 	-0.0584094 	0.0600586 	60	0.920643	0.920643
267 	-0.0584247 	0.0603191 	60	0.914191	0.914191
268 	-0.0579566 	0.0601404 	60	0.906265	0.906265
269 	-0.0570725 	0.0596032 	60	0.896442	0.896442
270 	-0.0558406 	0.0587953 	60	0.884069	0.884069
271 	-0.0543233 	0.0578091 	60	0.868199	0.868199
272 	-0.0525638 	0.0567372 	60	0.847817	0.847817
273 	-0.0506011 	0.0556958 	60	0.821539	0.821539
274 	-0.0485414 	0.0549307 	60	0.785063	0.785063
275 	-0.0468199 	0.0552824 	60	0.726276	0.726276
276 	-0.0466285 	0.0592957 	60	0.625991	0.625991
277 	-0.0560971 	0.0841753 	60	0.385882	0.385882
278 	-0.0718329 	0.167372 	60	0.0395099	0.0395099
279 	-0.0118289 	0.178358 	60	0.000102183	0.000102183
280 	-0.0410764 	0.0419694 	60	0.926374	0.926374
281 	-0.0446034 	0.0456406 	60	0.925132	0.925132
282 	-0.0477043 	0.0489007 	60	0.923071	0.923071
283 	-0.0502932 	0.0516667 	60	0.920138	0.920138
284 	-0.0523224 	0.053895 	60	0.916243	0.916243
285 	-0.053779 	0.0555779 	60	0.911241	0.911241
286 	-0.0546753 	0.0567349 	60	0.904922	0.904922
287 	-0.0550379 	0.0574017 	60	0.896992	0.896992
288 	-0.0549006 	0.0576249 	60	0.887066	0.887066
289 	-0.054305 	0.0574637 	60	0.874655	0.874655
290 	-0.0533077 	0.0570008 	60	0.859113	0.859113
291 	-0.051978 	0.0563453 	60	0.839691	0.839691
292 	-0.0503718 	0.0556097 	60	0.815585	0.815585
293 	-0.0485414 	0.0549307 	60	0.785063	0.785063
294 	-0.0466566 	0.0546584 	60	0.743289	0.743289
295 	-0.0452942 	0.0559188 	60	0.681565	0.681565
296 	-0.045957 	0.062009 	60	0.581546	0.581546
297 	-0.0576672 	0.094665 	60	0.341862	0.341862
298 	-0.0668574 	0.176321 	60	0.0442583	0.0442583
299 	-0.00964293 	0.190615 	60	0.000214127	0.000214127
300 	-0.0368705 	0.0379989 	60	0.908586	0.908586
301 	-0.0403233 	0.0416437 	60	0.907106	0.907106
302 	-0.0434608 	0.0449916 	60	0.904567	0.904567
303 	-0.0461774 	0.0479405 	60	0.900866	0.900866
304 	-0.0484053 	0.0504283 	60	0.895846	0.895846
305 	-0.0501137 	0.0524319 	60	0.889301	0.889301
306 	-0.0512956 	0.0539549 	60	0.88098	0.88098
307 	-0.0519521 	0.0550115 	60	0.870536	0.870536
308 	-0.0520842 	0.0556199 	60	0.857446	0.857446
309 	-0.0517023 	0.0558132 	60	0.840981	0.840981
310 	-0.0508659 	0.0556875 	60	0.820269	0.820269
311 	-0.0497125 	0.0554394 	60	0.7946	0.7946
312 	-0.0483553 	0.0552613 	60	0.76355	0.76355
313 	-0.0468199 	0.0552824 	60	0.726276	0.726276
314 	-0.0452942 	0.0559188 	60	0.681565	0.681565
315 	-0.0445096 	0.0585609 	60	0.627956	0.627956
316 	-0.0464118 	0.0674505 	60	0.540133	0.540133
317 	-0.0584399 	0.104984 	60	0.332676	0.332676
318 	-0.063664 	0.187298 	60	0.0646455	0.0646455
319 	-0.00963698 	0.209406 	60	0.000802257	0.000802257
320 	-0.032743 	0.0341935 	60	0.879885	0.879885
321 	-0.0362388 	0.0379703 	60	0.877942	0.877942
322 	-0.0395019 	0.041538 	60	0.874517	0.874517
323 	-0.0423981 	0.0447669 	60	0.869454	0.869454
324 	-0.0448421 	0.0475802 	60	0.862484	0.862484
325 	-0.0468 	0.049957 	60	0.853193	0.853193
326 	-0.048267 	0.0519112 	60	0.841003	0.841003
327 	-0.0492403 	0.0534632 	60	0.82519	0.82519
328 	-0.0497003 	0.0546234 	60	0.804905	0.804905
329 	-0.0496119 	0.0553949 	60	0.779361	0.779361
330 	-0.0490275 	0.055892 	60	0.748616	0.748616
331 	-0.048225 	0.056503 	60	0.712979	0.712979
332 	-0.0474413 	0.0576056 	60	0.671809	0.671809
333 	-0.0466285 	0.0592957 	60	0.625991	0.625991
334 	-0.045957 	0.062009 	60	0.581546	0.581546
335 	-0.0464118 	0.0674505 	60	0.540133	0.540133
336 	-0.0502792 	0.0806763 	60	0.472524	0.472524
337 	-0.0625833 	0.122087 	60	0.308248	0.308248
338 	-0.0654855 	0.206535 	60	0.0816379	0.0816379
339 	-0.0128158 	0.240583 	60	0.00230477	0.00230477
340 	-0.0284548 	0.0303939 	60	0.82738	0.82738
341 	-0.0321987 	0.0346222 	60	0.824088	0.824088
342 	-0.0357708 	0.0387113 	60	0.818114	0.818114
343 	-0.0390027 	0.0425004 	60	0.8091	0.8091
344 	-0.0418088 	0.0459242 	60	0.79652	0.79652
345 	-0.0442 	0.0490306 	60	0.77975	0.77975
346 	-0.046231 	0.0519256 	60	0.758315	0.758315
347 	-0.0479176 	0.0546847 	60	0.731738	0.731738
348 	-0.0491768 	0.0572849 	60	0.698511	0.698511
349 	-0.0498316 	0.0596227 	60	0.656056	0.656056
350 	-0.0500696 	0.0620894 	60	0.602431	0.602431
351 	-0.0509982 	0.0663742 	60	0.536728	0.536728
352 	-0.0533416 	0.0739791 	60	0.460184	0.460184
353 	-0.0560971 	0.0841753 	60	0.385882	0.385882
354 	-0.0576672 	0.094665 	60	0.341862	0.341862
355 	-0.0584399 	0.104984 	60	0.332676	0.332676
356 	-0.0625833 	0.122087 	60	0.308248	0.308248
357 	-0.076218 	0.168116 	60	0.196797	0.196797
358 	-0.0811789 	0.259417 	60	0.0471804	0.0471804
359 	-0.0265127 	0.312031 	60	0.0013548	0.0013548
360 	-0.0235398 	0.0262983 	60	0.701481	0.701481
361 	-0.0283727 	0.0324209 	60	0.695079	0.695079
362 	-0.0330897 	0.0384865 	60	0.683447	0.683447
363 	-0.0374772 	0.0443109 	60	0.665553	0.665553
364 	-0.0415117 	0.0499717 	60	0.63945	0.63945
365 	-0.045487 	0.0559918 	60	0.602056	0.602056
366 	-0.0500264 	0.0634198 	60	0.549267	0.549267
367 	-0.0559469 	0.0737824 	60	0.475531	0.475531
368 	-0.0638845 	0.0887954 	60	0.372289	0.372289
369 	-0.0731674 	0.109016 	60	0.238148	0.238148
380 	-0.0162718 	0.0204968 	60	0.310698	0.310698
381 	-0.0257393 	0.0415107 	60	0.290324	0.290324
382 	-0.0353099 	0.063212 	60	0.254786	0.254786
383 	-0.0444907 	0.0853701 	60	0.206718	0.206718
384 	-0.0524323 	0.107248 	60	0.15149	0.15149
385 	-0.0580213 	0.127604 	60	0.09754	0.09754
386 	-0.0600719 	0.144768 	60	0.0538843	0.0538843
387 	-0.0575691 	0.156793 	60	0.0249887	0.0249887
388 	-0.050211 	0.1622 	60	0.00904673	0.00904673
389 	-0.0396789 	0.162248 	60	0.00221571	0.00221571
390 	-0.0297223 	0.162248 	60	0.000400719	0.000400719
370 	-0.0804147 	0.131264 	60	0.11791	0.11791
371 	-0.0816385 	0.148662 	60	0.062799	0.062799
372 	-0.0775914 	0.159377 	60	0.0455712	0.0455712
373 	-0.0718329 	0.167372 	60	0.0395099	0.0395099
374 	-0.0668574 	0.176321 	60	0.0442583	0.0442583
375 	-0.063664 	0.187298 	60	0.0646455	0.0646455
376 	-0.0654855 	0.206535 	60	0.0816379	0.0816379
377 	-0.0811789 	0.259417 	60	0.0471804	0.0471804
378 	-0.102842 	0.375938 	60	0.00572502	0.00572502
379 	-0.0651992 	0.5 	60	4.25842e-05	4.25842e-05
391 	-0.0220256 	0.165158 	60	0.000120444	0.000120444
392 	-0.0160993 	0.170512 	60	8.70524e-05	8.70524e-05
393 	-0.0118289 	0.178358 	60	0.000102183	0.000102183
394 	-0.00964293 	0.190615 	60	0.000214127	0.000214127
395 	-0.00963698 	0.209406 	60	0.000802257	0.000802257
396 	-0.0128158 	0.240583 	60	0.00230477	0.00230477
397 	-0.0265127 	0.312031 	60	0.0013548	0.0013548
398 	-0.0651992 	0.5 	60	4.25842e-05	4.25842e-05
399 	-0.112736 	1 	60	1.07233e-08	1.07233e-08
