0	7
1	6
2	5
3	3
4	5
5	6
6	6
7	6
8	5
9	5
10	5
11	5
12	5
13	10
14	6
15	6
16	5
17	5
18	4
19	3
20	6
21	5
22	4
23	5
24	5
25	6
26	6
27	6
28	5
29	5
30	4
31	5
32	5
33	8
34	7
35	6
36	5
37	5
38	5
39	3
40	5
41	4
42	5
43	5
44	6
45	6
46	6
47	6
48	5
49	5
50	5
51	5
52	5
53	8
54	7
55	6
56	6
57	5
58	5
59	3
60	3
61	5
62	5
63	6
64	6
65	6
66	6
67	5
68	5
69	4
70	5
71	5
72	5
73	7
74	7
75	6
76	6
77	5
78	5
79	3
80	5
81	5
82	6
83	6
84	6
85	6
86	5
87	5
88	5
89	4
90	5
91	5
92	5
93	8
94	7
95	6
96	6
97	5
98	5
99	3
100	6
101	6
102	6
103	6
104	6
105	5
106	5
107	5
108	5
109	5
110	5
111	5
112	10
113	7
114	7
115	6
116	6
117	5
118	5
119	3
120	6
121	6
122	6
123	6
124	5
125	5
126	5
127	5
128	5
129	5
130	5
131	5
132	8
133	7
134	7
135	7
136	6
137	5
138	5
139	3
140	6
141	6
142	6
143	5
144	5
145	5
146	5
147	5
148	5
149	5
150	5
151	6
152	8
153	7
154	7
155	7
156	6
157	5
158	6
159	4
160	5
161	5
162	5
163	5
164	5
165	5
166	5
167	5
168	5
169	5
170	5
171	8
172	7
173	7
174	7
175	7
176	6
177	6
178	6
179	4
180	5
181	5
182	5
183	4
184	4
185	5
186	5
187	5
188	5
189	5
190	8
191	8
192	7
193	7
194	7
195	7
196	6
197	6
198	6
199	4
200	5
201	4
202	5
203	5
204	5
205	5
206	5
207	5
208	5
209	8
210	8
211	7
212	7
213	7
214	7
215	7
216	6
217	6
218	6
219	4
220	5
221	5
222	5
223	5
224	5
225	5
226	5
227	6
228	8
229	8
230	7
231	7
232	7
233	7
234	7
235	7
236	6
237	6
238	6
239	4
240	5
241	5
242	5
243	5
244	5
245	10
246	8
247	8
248	7
249	7
250	7
251	7
252	7
253	7
254	7
255	7
256	6
257	7
258	6
259	5
260	10
261	8
262	8
263	7
264	8
265	7
266	7
267	7
268	7
269	7
270	7
271	7
272	7
273	7
274	7
275	7
276	7
277	7
278	6
279	5
280	6
281	7
282	7
283	7
284	7
285	7
286	7
287	7
288	7
289	7
290	7
291	7
292	7
293	7
294	7
295	7
296	7
297	7
298	6
299	6
300	6
301	6
302	6
303	6
304	6
305	6
306	7
307	7
308	7
309	7
310	7
311	7
312	7
313	7
314	7
315	7
316	7
317	8
318	7
319	7
320	5
321	5
322	6
323	6
324	6
325	6
326	6
327	6
328	6
329	6
330	6
331	6
332	6
333	7
334	7
335	7
336	7
337	8
338	7
339	6
340	5
341	5
342	5
343	5
344	5
345	5
346	5
347	5
348	6
349	6
350	6
351	6
352	7
353	7
354	7
355	8
356	8
357	8
358	8
359	7
360	4
361	5
362	5
363	5
364	5
365	5
366	5
367	6
368	6
369	6
370	6
371	6
372	6
373	6
374	6
375	7
376	7
377	8
378	8
379	8
380	3
381	3
382	3
383	3
384	3
385	3
386	3
387	4
388	4
389	4
390	4
391	4
392	5
393	5
394	6
395	7
396	6
397	7
398	8
399	8
0	5
1	5
2	5
3	5
4	5
5	5
6	5
7	5
8	5
9	5
10	5
11	4
12	4
13	5
14	5
15	5
16	5
17	6
18	4
19	4
20	5
21	5
22	5
23	5
24	5
25	5
26	5
27	5
28	5
29	5
30	5
31	4
32	4
33	5
34	5
35	5
36	5
37	6
38	4
39	5
40	5
41	5
42	5
43	5
44	5
45	5
46	5
47	5
48	5
49	5
50	5
51	4
52	4
53	5
54	5
55	5
56	5
57	6
58	4
59	5
60	5
61	5
62	5
63	5
64	5
65	5
66	5
67	5
68	5
69	5
70	5
71	4
72	4
73	5
74	5
75	4
76	5
77	6
78	4
79	5
80	5
81	5
82	5
83	5
84	5
85	5
86	5
87	5
88	5
89	5
90	5
91	4
92	4
93	5
94	5
95	4
96	5
97	6
98	3
99	5
100	5
101	5
102	5
103	5
104	5
105	5
106	5
107	5
108	5
109	5
110	4
111	4
112	5
113	5
114	5
115	4
116	5
117	7
118	4
119	6
120	5
121	5
122	5
123	5
124	5
125	5
126	5
127	5
128	5
129	5
130	4
131	4
132	5
133	5
134	5
135	4
136	5
137	7
138	4
139	6
140	5
141	5
142	5
143	5
144	5
145	5
146	5
147	5
148	5
149	4
150	4
151	4
152	5
153	5
154	5
155	4
156	5
157	8
158	4
159	5
160	5
161	5
162	5
163	5
164	5
165	5
166	5
167	5
168	5
169	4
170	4
171	5
172	5
173	5
174	5
175	4
176	5
177	8
178	4
179	5
180	5
181	5
182	5
183	5
184	5
185	5
186	5
187	4
188	4
189	4
190	5
191	5
192	5
193	5
194	5
195	4
196	5
197	8
198	4
199	5
200	5
201	5
202	5
203	5
204	5
205	4
206	4
207	4
208	4
209	5
210	5
211	5
212	5
213	5
214	5
215	5
216	5
217	7
218	4
219	5
220	4
221	4
222	4
223	4
224	4
225	4
226	4
227	4
228	5
229	5
230	5
231	5
232	5
233	5
234	5
235	5
236	5
237	6
238	4
239	5
240	4
241	4
242	4
243	4
244	4
245	5
246	5
247	5
248	5
249	5
250	5
251	5
252	5
253	5
254	4
255	5
256	5
257	6
258	4
259	5
260	5
261	5
262	5
263	5
264	5
265	5
266	5
267	5
268	5
269	5
270	5
271	5
272	5
273	5
274	4
275	5
276	5
277	5
278	3
279	5
280	5
281	5
282	5
283	5
284	5
285	5
286	5
287	5
288	5
289	5
290	5
291	5
292	4
293	4
294	5
295	5
296	5
297	6
298	4
299	5
300	5
301	5
302	5
303	4
304	4
305	4
306	4
307	4
308	4
309	4
310	5
311	5
312	5
313	5
314	5
315	5
316	5
317	6
318	4
319	5
320	5
321	5
322	5
323	5
324	5
325	5
326	5
327	5
328	5
329	5
330	5
331	5
332	5
333	5
334	5
335	5
336	5
337	5
338	4
339	4
340	6
341	6
342	6
343	6
344	6
345	7
346	7
347	8
348	8
349	8
350	7
351	6
352	6
353	5
354	6
355	6
356	5
357	6
358	8
359	4
360	4
361	4
362	4
363	4
364	3
365	4
366	4
367	4
368	4
369	4
370	4
371	4
372	4
373	3
374	4
375	4
376	4
377	8
378	4
379	4
380	4
381	5
382	5
383	5
384	5
385	6
386	6
387	5
388	5
389	5
390	5
391	5
392	5
393	5
394	5
395	5
396	4
397	4
398	4
399	4
0	4
1	4
2	4
3	4
4	4
5	4
6	4
7	4
8	4
9	4
10	4
11	4
12	4
13	4
14	4
15	4
16	4
17	4
18	5
19	4
20	4
21	4
22	4
23	4
24	4
25	4
26	4
27	4
28	4
29	4
30	4
31	4
32	4
33	4
34	4
35	4
36	4
37	4
38	5
39	4
40	4
41	4
42	4
43	4
44	4
45	4
46	4
47	4
48	4
49	4
50	4
51	4
52	4
53	4
54	4
55	4
56	4
57	4
58	5
59	4
60	4
61	4
62	4
63	4
64	4
65	4
66	4
67	4
68	4
69	4
70	4
71	4
72	4
73	4
74	4
75	4
76	4
77	4
78	5
79	4
80	4
81	4
82	4
83	4
84	4
85	4
86	4
87	4
88	4
89	4
90	4
91	4
92	4
93	4
94	4
95	4
96	4
97	4
98	5
99	4
100	4
101	4
102	4
103	4
104	4
105	4
106	4
107	4
108	4
109	4
110	4
111	4
112	4
113	4
114	4
115	4
116	4
117	4
118	5
119	4
120	4
121	4
122	4
123	4
124	4
125	4
126	4
127	4
128	4
129	4
130	4
131	4
132	4
133	4
134	4
135	4
136	4
137	4
138	5
139	4
140	4
141	4
142	4
143	4
144	4
145	4
146	4
147	4
148	4
149	4
150	4
151	4
152	4
153	4
154	4
155	4
156	4
157	4
158	5
159	4
160	4
161	4
162	4
163	4
164	4
165	4
166	4
167	4
168	4
169	4
170	4
171	4
172	4
173	4
174	4
175	4
176	4
177	4
178	4
179	4
180	4
181	4
182	4
183	4
184	4
185	4
186	4
187	4
188	4
189	4
190	4
191	4
192	4
193	4
194	4
195	4
196	4
197	4
198	4
199	4
200	4
201	4
202	4
203	4
204	4
205	4
206	4
207	4
208	4
209	4
210	4
211	4
212	4
213	4
214	4
215	4
216	4
217	4
218	4
219	4
220	4
221	4
222	4
223	4
224	4
225	4
226	4
227	4
228	4
229	4
230	4
231	4
232	4
233	4
234	4
235	4
236	4
237	4
238	4
239	4
240	4
241	4
242	4
243	4
244	4
245	4
246	4
247	4
248	4
249	4
250	4
251	4
252	4
253	4
254	4
255	4
256	4
257	4
258	4
259	4
260	4
261	4
262	4
263	4
264	4
265	4
266	4
267	4
268	4
269	4
270	4
271	4
272	4
273	4
274	4
275	4
276	4
277	4
278	4
279	4
280	4
281	4
282	4
283	4
284	4
285	4
286	4
287	4
288	4
289	4
290	4
291	4
292	4
293	4
294	4
295	4
296	4
297	4
298	5
299	8
300	4
301	4
302	4
303	4
304	4
305	4
306	4
307	4
308	4
309	4
310	4
311	4
312	4
313	4
314	4
315	4
316	4
317	4
318	5
319	6
320	4
321	4
322	4
323	4
324	4
325	4
326	4
327	4
328	4
329	4
330	4
331	4
332	4
333	4
334	4
335	4
336	4
337	4
338	5
339	5
340	4
341	4
342	4
343	4
344	4
345	4
346	4
347	4
348	4
349	4
350	4
351	4
352	4
353	4
354	4
355	4
356	4
357	4
358	4
359	4
360	5
361	5
362	5
363	5
364	5
365	5
366	5
367	5
368	4
369	4
370	4
371	4
372	4
373	4
374	5
375	5
376	5
377	4
378	5
379	5
380	4
381	4
382	4
383	4
384	4
385	4
386	4
387	4
388	4
389	4
390	4
391	4
392	4
393	4
394	8
395	6
396	5
397	4
398	5
399	5
0	4
1	4
2	4
3	4
4	4
5	4
6	4
7	4
8	4
9	4
10	4
11	4
12	4
13	4
14	4
15	4
16	4
17	4
18	3
19	5
20	4
21	4
22	4
23	4
24	4
25	4
26	4
27	4
28	4
29	4
30	4
31	4
32	4
33	4
34	4
35	4
36	4
37	4
38	3
39	5
40	4
41	4
42	4
43	4
44	4
45	4
46	4
47	4
48	4
49	4
50	4
51	4
52	4
53	4
54	4
55	4
56	4
57	4
58	3
59	5
60	4
61	4
62	4
63	4
64	4
65	4
66	4
67	4
68	4
69	4
70	4
71	4
72	4
73	4
74	4
75	4
76	4
77	4
78	4
79	5
80	4
81	4
82	4
83	4
84	4
85	4
86	4
87	4
88	4
89	4
90	4
91	4
92	4
93	4
94	4
95	4
96	4
97	4
98	4
99	5
100	4
101	4
102	4
103	4
104	4
105	4
106	4
107	4
108	4
109	4
110	4
111	4
112	4
113	4
114	4
115	4
116	4
117	4
118	4
119	5
120	4
121	4
122	4
123	4
124	4
125	4
126	4
127	4
128	4
129	4
130	4
131	4
132	4
133	4
134	4
135	4
136	4
137	4
138	4
139	5
140	4
141	4
142	4
143	4
144	4
145	4
146	4
147	4
148	4
149	4
150	4
151	4
152	4
153	4
154	4
155	4
156	4
157	4
158	4
159	5
160	4
161	4
162	4
163	4
164	4
165	4
166	4
167	4
168	4
169	4
170	4
171	4
172	4
173	4
174	4
175	4
176	4
177	4
178	4
179	5
180	4
181	4
182	4
183	4
184	4
185	4
186	4
187	4
188	4
189	4
190	4
191	4
192	4
193	4
194	4
195	4
196	4
197	4
198	4
199	5
200	4
201	4
202	4
203	4
204	4
205	4
206	4
207	4
208	4
209	4
210	4
211	4
212	4
213	4
214	4
215	4
216	4
217	4
218	4
219	4
220	4
221	4
222	4
223	4
224	4
225	4
226	4
227	4
228	4
229	4
230	4
231	4
232	4
233	4
234	4
235	4
236	4
237	4
238	4
239	4
240	4
241	4
242	4
243	4
244	4
245	4
246	4
247	4
248	4
249	4
250	4
251	4
252	4
253	4
254	4
255	4
256	4
257	4
258	4
259	4
260	4
261	4
262	4
263	4
264	4
265	4
266	4
267	4
268	4
269	4
270	4
271	4
272	4
273	4
274	4
275	4
276	4
277	4
278	4
279	4
280	4
281	4
282	4
283	4
284	4
285	4
286	4
287	4
288	4
289	4
290	4
291	4
292	4
293	4
294	4
295	4
296	4
297	4
298	4
299	4
300	4
301	4
302	4
303	4
304	4
305	4
306	4
307	4
308	4
309	4
310	4
311	4
312	4
313	4
314	4
315	4
316	4
317	4
318	4
319	4
320	4
321	4
322	4
323	4
324	4
325	4
326	4
327	4
328	4
329	4
330	4
331	4
332	4
333	4
334	4
335	4
336	4
337	4
338	4
339	4
340	4
341	4
342	4
343	4
344	4
345	4
346	4
347	4
348	4
349	4
350	4
351	4
352	4
353	4
354	4
355	4
356	4
357	4
358	4
359	4
360	3
361	3
362	3
363	4
364	4
365	4
366	4
367	4
368	4
369	4
370	4
371	4
372	4
373	4
374	4
375	4
376	4
377	4
378	4
379	4
380	5
381	5
382	5
383	5
384	5
385	5
386	5
387	5
388	5
389	5
390	4
391	4
392	4
393	4
394	4
395	4
396	4
397	4
398	4
399	4
0	3
1	3
2	3
3	3
4	3
5	4
6	4
7	4
8	4
9	4
10	4
11	4
12	4
13	4
14	4
15	4
16	4
17	3
18	3
19	3
20	3
21	3
22	4
23	4
24	4
25	4
26	4
27	4
28	4
29	4
30	4
31	4
32	4
33	4
34	4
35	4
36	4
37	4
38	3
39	3
40	3
41	4
42	4
43	4
44	4
45	4
46	4
47	4
48	4
49	4
50	4
51	4
52	4
53	4
54	4
55	4
56	4
57	4
58	3
59	3
60	3
61	4
62	4
63	4
64	4
65	4
66	4
67	4
68	4
69	4
70	4
71	4
72	4
73	4
74	4
75	4
76	4
77	4
78	4
79	3
80	3
81	4
82	4
83	4
84	4
85	4
86	4
87	4
88	4
89	4
90	4
91	4
92	4
93	4
94	4
95	4
96	4
97	4
98	4
99	3
100	4
101	4
102	4
103	4
104	4
105	4
106	4
107	4
108	4
109	4
110	4
111	4
112	4
113	4
114	4
115	4
116	4
117	4
118	4
119	3
120	4
121	4
122	4
123	4
124	4
125	4
126	4
127	4
128	4
129	4
130	4
131	4
132	4
133	4
134	4
135	4
136	4
137	4
138	4
139	3
140	4
141	4
142	4
143	4
144	4
145	4
146	4
147	4
148	4
149	4
150	4
151	4
152	4
153	4
154	4
155	4
156	4
157	4
158	4
159	3
160	4
161	4
162	4
163	4
164	4
165	4
166	4
167	4
168	4
169	4
170	4
171	4
172	4
173	4
174	4
175	4
176	4
177	4
178	4
179	3
180	4
181	4
182	4
183	4
184	4
185	4
186	4
187	4
188	4
189	4
190	4
191	4
192	4
193	4
194	4
195	4
196	4
197	4
198	4
199	3
200	4
201	4
202	4
203	4
204	4
205	4
206	4
207	4
208	4
209	4
210	4
211	4
212	4
213	4
214	4
215	4
216	4
217	4
218	4
219	3
220	4
221	4
222	4
223	4
224	4
225	4
226	4
227	4
228	4
229	4
230	4
231	4
232	4
233	4
234	4
235	4
236	4
237	4
238	4
239	4
240	4
241	4
242	4
243	4
244	4
245	4
246	4
247	4
248	4
249	4
250	4
251	4
252	4
253	4
254	4
255	4
256	4
257	4
258	4
259	4
260	4
261	4
262	4
263	4
264	4
265	4
266	4
267	4
268	4
269	4
270	4
271	4
272	4
273	4
274	4
275	4
276	4
277	4
278	4
279	4
280	4
281	4
282	4
283	4
284	4
285	4
286	4
287	4
288	4
289	4
290	4
291	4
292	4
293	4
294	4
295	4
296	4
297	4
298	4
299	4
300	4
301	4
302	4
303	4
304	4
305	4
306	4
307	4
308	4
309	4
310	4
311	4
312	4
313	4
314	4
315	4
316	4
317	4
318	4
319	4
320	4
321	4
322	4
323	4
324	4
325	4
326	4
327	4
328	4
329	4
330	4
331	4
332	4
333	4
334	4
335	4
336	4
337	4
338	4
339	4
340	3
341	4
342	4
343	4
344	4
345	4
346	4
347	4
348	4
349	4
350	4
351	4
352	4
353	4
354	4
355	4
356	4
357	4
358	4
359	4
360	3
361	3
362	3
363	4
364	4
365	4
366	4
367	4
368	4
369	4
370	4
371	4
372	4
373	4
374	4
375	4
376	4
377	4
378	4
379	4
380	3
381	3
382	3
383	3
384	3
385	3
386	3
387	3
388	3
389	3
390	3
391	4
392	4
393	4
394	4
395	4
396	4
397	4
398	4
399	4
0	3
1	3
2	3
3	3
4	3
5	3
6	3
7	3
8	3
9	3
10	3
11	3
12	3
13	3
14	3
15	3
16	3
17	3
18	3
19	3
20	3
21	3
22	3
23	3
24	3
25	3
26	3
27	3
28	3
29	3
30	3
31	3
32	3
33	3
34	3
35	3
36	3
37	3
38	3
39	3
40	3
41	3
42	3
43	3
44	3
45	3
46	3
47	3
48	3
49	3
50	3
51	3
52	3
53	3
54	3
55	3
56	3
57	3
58	3
59	3
60	3
61	3
62	3
63	3
64	3
65	3
66	3
67	3
68	3
69	4
70	4
71	4
72	4
73	4
74	4
75	4
76	4
77	3
78	3
79	3
80	3
81	3
82	3
83	3
84	3
85	3
86	3
87	4
88	4
89	4
90	4
91	4
92	4
93	4
94	4
95	4
96	4
97	4
98	3
99	3
100	3
101	3
102	3
103	3
104	3
105	3
106	4
107	4
108	4
109	4
110	4
111	4
112	4
113	4
114	4
115	4
116	4
117	4
118	4
119	3
120	3
121	3
122	3
123	3
124	3
125	4
126	4
127	4
128	4
129	4
130	4
131	4
132	4
133	4
134	4
135	4
136	4
137	4
138	4
139	3
140	3
141	3
142	3
143	3
144	4
145	4
146	4
147	4
148	4
149	4
150	4
151	4
152	4
153	4
154	4
155	4
156	4
157	4
158	4
159	3
160	3
161	3
162	3
163	3
164	4
165	4
166	4
167	4
168	4
169	4
170	4
171	4
172	4
173	4
174	4
175	4
176	4
177	4
178	4
179	3
180	3
181	3
182	3
183	4
184	4
185	4
186	4
187	4
188	4
189	4
190	4
191	4
192	4
193	4
194	4
195	4
196	4
197	4
198	4
199	3
200	3
201	3
202	3
203	4
204	4
205	4
206	4
207	4
208	4
209	4
210	4
211	4
212	4
213	4
214	4
215	4
216	4
217	4
218	4
219	3
220	3
221	3
222	3
223	4
224	4
225	4
226	4
227	4
228	4
229	4
230	4
231	4
232	4
233	4
234	4
235	4
236	4
237	4
238	4
239	4
240	3
241	3
242	3
243	4
244	4
245	4
246	4
247	4
248	4
249	4
250	4
251	4
252	4
253	4
254	4
255	4
256	4
257	4
258	4
259	4
260	3
261	3
262	3
263	4
264	4
265	4
266	4
267	4
268	4
269	4
270	4
271	4
272	4
273	4
274	4
275	4
276	4
277	4
278	4
279	4
280	3
281	3
282	3
283	4
284	4
285	4
286	4
287	4
288	4
289	4
290	4
291	4
292	4
293	4
294	4
295	4
296	4
297	4
298	4
299	4
300	3
301	3
302	3
303	4
304	4
305	4
306	4
307	4
308	4
309	4
310	4
311	4
312	4
313	4
314	4
315	4
316	4
317	4
318	4
319	4
320	3
321	3
322	3
323	4
324	4
325	4
326	4
327	4
328	4
329	4
330	4
331	4
332	4
333	4
334	4
335	4
336	4
337	4
338	4
339	4
340	3
341	3
342	3
343	3
344	4
345	4
346	4
347	4
348	4
349	4
350	4
351	4
352	4
353	4
354	4
355	4
356	4
357	4
358	4
359	4
360	3
361	3
362	3
363	3
364	3
365	4
366	4
367	4
368	4
369	4
370	4
371	4
372	4
373	4
374	4
375	4
376	4
377	4
378	4
379	4
380	3
381	3
382	3
383	3
384	3
385	3
386	3
387	3
388	3
389	3
390	3
391	4
392	4
393	4
394	4
395	4
396	4
397	4
398	4
399	4
