0	12
1	11
2	10
3	10
4	9
5	8
6	8
7	7
8	6
9	7
10	8
11	8
12	8
13	8
14	7
15	6
16	4
17	3
18	1
19	1
20	11
21	10
22	10
23	9
24	8
25	8
26	7
27	6
28	6
29	7
30	8
31	8
32	8
33	8
34	7
35	6
36	4
37	3
38	1
39	1
40	10
41	10
42	9
43	9
44	8
45	8
46	7
47	6
48	7
49	7
50	8
51	8
52	8
53	8
54	7
55	6
56	4
57	3
58	1
59	1
60	10
61	9
62	9
63	8
64	8
65	7
66	6
67	6
68	7
69	8
70	8
71	8
72	9
73	8
74	7
75	5
76	4
77	3
78	1
79	1
80	9
81	8
82	8
83	8
84	7
85	7
86	5
87	7
88	7
89	8
90	8
91	9
92	9
93	8
94	6
95	5
96	3
97	1
98	1
99	1
100	8
101	8
102	8
103	7
104	7
105	5
106	6
107	7
108	8
109	8
110	8
111	9
112	9
113	8
114	6
115	5
116	3
117	1
118	1
119	1
120	8
121	7
122	7
123	6
124	5
125	6
126	7
127	8
128	8
129	8
130	9
131	9
132	8
133	7
134	6
135	4
136	3
137	1
138	1
139	1
140	7
141	6
142	6
143	6
144	7
145	7
146	8
147	8
148	8
149	9
150	9
151	9
152	8
153	7
154	6
155	4
156	3
157	1
158	1
159	1
160	6
161	6
162	7
163	7
164	7
165	8
166	8
167	8
168	9
169	9
170	9
171	9
172	8
173	6
174	5
175	3
176	1
177	1
178	1
179	1
180	7
181	7
182	7
183	8
184	8
185	8
186	8
187	9
188	9
189	9
190	9
191	8
192	7
193	6
194	4
195	3
196	1
197	1
198	1
199	1
200	8
201	8
202	8
203	8
204	8
205	8
206	9
207	9
208	9
209	9
210	8
211	8
212	6
213	5
214	3
215	1
216	1
217	1
218	1
219	1
220	8
221	8
222	8
223	8
224	9
225	9
226	9
227	9
228	9
229	8
230	8
231	6
232	5
233	4
234	3
235	1
236	1
237	1
238	1
239	1
240	8
241	8
242	8
243	9
244	9
245	9
246	8
247	8
248	8
249	7
250	6
251	5
252	4
253	3
254	1
255	1
256	1
257	1
258	1
259	1
260	8
261	8
262	8
263	8
264	8
265	8
266	7
267	7
268	6
269	6
270	5
271	4
272	3
273	1
274	1
275	1
276	1
277	1
278	1
279	1
280	7
281	7
282	7
283	7
284	6
285	6
286	6
287	6
288	5
289	4
290	3
291	3
292	1
293	1
294	1
295	1
296	1
297	1
298	1
299	1
300	6
301	6
302	6
303	5
304	5
305	5
306	4
307	4
308	3
309	3
310	1
311	1
312	1
313	1
314	1
315	1
316	1
317	1
318	1
319	1
320	4
321	4
322	4
323	4
324	3
325	3
326	3
327	3
328	1
329	1
330	1
331	1
332	1
333	1
334	1
335	1
336	1
337	1
338	1
339	1
340	3
341	3
342	3
343	3
344	1
345	1
346	1
347	1
348	1
349	1
350	1
351	1
352	1
353	1
354	1
355	1
356	1
357	1
358	1
359	1
360	1
361	1
362	1
363	1
364	1
365	1
366	1
367	1
368	1
369	1
370	1
371	1
372	1
373	1
374	1
375	1
376	1
377	1
378	1
379	1
380	1
381	1
382	1
383	1
384	1
385	1
386	1
387	1
388	1
389	1
390	1
391	1
392	1
393	1
394	1
395	1
396	1
397	1
398	1
399	1
0	9
1	9
2	9
3	8
4	8
5	8
6	8
7	9
8	8
9	8
10	8
11	8
12	7
13	6
14	6
15	8
16	8
17	6
18	5
19	3
20	9
21	8
22	9
23	8
24	8
25	8
26	8
27	8
28	8
29	8
30	8
31	8
32	6
33	6
34	6
35	8
36	8
37	6
38	5
39	3
40	9
41	9
42	8
43	8
44	8
45	8
46	8
47	8
48	8
49	8
50	8
51	8
52	6
53	6
54	7
55	8
56	8
57	6
58	5
59	3
60	8
61	8
62	8
63	8
64	8
65	8
66	8
67	8
68	8
69	8
70	8
71	7
72	6
73	6
74	7
75	8
76	8
77	6
78	5
79	3
80	8
81	8
82	8
83	8
84	8
85	8
86	8
87	8
88	8
89	8
90	8
91	7
92	6
93	6
94	8
95	8
96	8
97	6
98	5
99	3
100	8
101	8
102	8
103	8
104	8
105	8
106	8
107	8
108	8
109	8
110	8
111	6
112	6
113	6
114	8
115	8
116	8
117	6
118	5
119	3
120	8
121	8
122	8
123	8
124	8
125	8
126	8
127	8
128	8
129	8
130	7
131	6
132	6
133	7
134	8
135	8
136	8
137	6
138	5
139	3
140	9
141	8
142	8
143	8
144	8
145	8
146	8
147	8
148	8
149	8
150	6
151	6
152	6
153	7
154	8
155	9
156	8
157	6
158	4
159	3
160	8
161	8
162	8
163	8
164	8
165	8
166	8
167	8
168	8
169	7
170	6
171	6
172	7
173	8
174	8
175	9
176	8
177	6
178	4
179	3
180	8
181	8
182	8
183	8
184	8
185	8
186	8
187	8
188	7
189	6
190	6
191	6
192	7
193	8
194	9
195	9
196	8
197	6
198	4
199	3
200	8
201	8
202	8
203	8
204	8
205	8
206	7
207	6
208	6
209	6
210	6
211	7
212	8
213	8
214	9
215	9
216	8
217	6
218	4
219	3
220	8
221	8
222	8
223	7
224	7
225	6
226	6
227	6
228	6
229	6
230	7
231	8
232	8
233	9
234	9
235	9
236	8
237	6
238	4
239	3
240	7
241	6
242	6
243	6
244	6
245	6
246	6
247	6
248	7
249	7
250	8
251	8
252	9
253	9
254	9
255	9
256	8
257	6
258	4
259	3
260	6
261	6
262	6
263	6
264	6
265	6
266	7
267	7
268	8
269	8
270	8
271	9
272	9
273	9
274	9
275	9
276	8
277	6
278	4
279	3
280	6
281	6
282	7
283	7
284	8
285	8
286	8
287	8
288	8
289	9
290	9
291	9
292	9
293	9
294	9
295	9
296	8
297	6
298	4
299	3
300	8
301	8
302	8
303	8
304	8
305	8
306	8
307	9
308	9
309	9
310	9
311	9
312	9
313	9
314	9
315	8
316	7
317	6
318	4
319	3
320	8
321	8
322	8
323	8
324	8
325	8
326	8
327	8
328	8
329	8
330	8
331	8
332	8
333	8
334	8
335	7
336	6
337	5
338	3
339	1
340	6
341	6
342	6
343	6
344	6
345	6
346	6
347	6
348	6
349	6
350	6
351	6
352	6
353	6
354	6
355	6
356	5
357	3
358	1
359	1
360	5
361	5
362	5
363	5
364	5
365	5
366	5
367	4
368	4
369	4
370	4
371	4
372	4
373	4
374	4
375	4
376	3
377	1
378	1
379	1
380	3
381	3
382	3
383	3
384	3
385	3
386	3
387	3
388	3
389	3
390	3
391	3
392	3
393	3
394	3
395	3
396	1
397	1
398	1
399	1
0	7
1	7
2	7
3	7
4	7
5	7
6	8
7	8
8	8
9	8
10	8
11	7
12	7
13	7
14	7
15	6
16	6
17	7
18	7
19	5
20	7
21	7
22	7
23	8
24	8
25	8
26	8
27	8
28	8
29	8
30	8
31	8
32	7
33	7
34	7
35	6
36	6
37	7
38	7
39	6
40	7
41	7
42	8
43	8
44	8
45	8
46	8
47	8
48	8
49	8
50	8
51	8
52	7
53	7
54	7
55	6
56	6
57	7
58	8
59	6
60	7
61	8
62	8
63	8
64	8
65	8
66	8
67	8
68	8
69	8
70	8
71	8
72	8
73	7
74	7
75	6
76	6
77	7
78	8
79	6
80	7
81	8
82	8
83	8
84	8
85	8
86	8
87	8
88	8
89	8
90	8
91	8
92	8
93	7
94	7
95	6
96	6
97	8
98	8
99	6
100	7
101	8
102	8
103	8
104	8
105	8
106	8
107	8
108	8
109	8
110	8
111	8
112	8
113	7
114	7
115	6
116	6
117	8
118	8
119	6
120	8
121	8
122	8
123	8
124	8
125	8
126	8
127	8
128	8
129	8
130	8
131	8
132	8
133	7
134	7
135	6
136	6
137	8
138	8
139	6
140	8
141	8
142	8
143	8
144	8
145	8
146	8
147	8
148	8
149	8
150	8
151	8
152	7
153	7
154	6
155	6
156	6
157	8
158	8
159	6
160	8
161	8
162	8
163	8
164	8
165	8
166	8
167	8
168	8
169	8
170	8
171	8
172	7
173	7
174	6
175	6
176	7
177	8
178	8
179	6
180	8
181	8
182	8
183	8
184	8
185	8
186	8
187	8
188	8
189	8
190	8
191	7
192	7
193	7
194	6
195	6
196	7
197	8
198	8
199	6
200	8
201	8
202	8
203	8
204	8
205	8
206	8
207	8
208	8
209	8
210	7
211	7
212	7
213	6
214	6
215	6
216	7
217	9
218	8
219	6
220	7
221	8
222	8
223	8
224	8
225	8
226	8
227	8
228	8
229	7
230	7
231	7
232	6
233	6
234	6
235	6
236	7
237	9
238	9
239	6
240	7
241	7
242	7
243	8
244	8
245	8
246	8
247	7
248	7
249	7
250	7
251	6
252	6
253	6
254	6
255	6
256	8
257	9
258	9
259	6
260	7
261	7
262	7
263	7
264	7
265	7
266	7
267	7
268	7
269	7
270	6
271	6
272	6
273	6
274	6
275	6
276	8
277	9
278	9
279	7
280	7
281	7
282	7
283	7
284	7
285	7
286	7
287	6
288	6
289	6
290	6
291	6
292	6
293	6
294	6
295	7
296	8
297	9
298	10
299	7
300	6
301	6
302	6
303	6
304	6
305	6
306	6
307	6
308	6
309	6
310	6
311	6
312	6
313	6
314	7
315	8
316	8
317	9
318	10
319	8
320	6
321	6
322	6
323	6
324	6
325	6
326	6
327	6
328	7
329	7
330	7
331	7
332	8
333	8
334	8
335	8
336	9
337	9
338	10
339	10
340	7
341	7
342	7
343	7
344	8
345	8
346	8
347	8
348	8
349	8
350	9
351	9
352	9
353	9
354	9
355	9
356	9
357	10
358	10
359	11
360	7
361	7
362	8
363	8
364	8
365	8
366	8
367	8
368	8
369	8
370	8
371	9
372	9
373	9
374	10
375	10
376	10
377	10
378	10
379	11
380	5
381	6
382	6
383	6
384	6
385	6
386	6
387	6
388	6
389	6
390	6
391	6
392	6
393	7
394	7
395	8
396	10
397	11
398	11
399	12
0	6
1	6
2	6
3	6
4	6
5	7
6	7
7	7
8	7
9	7
10	7
11	7
12	7
13	7
14	7
15	7
16	7
17	6
18	6
19	6
20	6
21	6
22	7
23	7
24	7
25	7
26	7
27	7
28	7
29	7
30	7
31	7
32	7
33	7
34	7
35	7
36	7
37	6
38	6
39	7
40	6
41	7
42	7
43	7
44	7
45	7
46	7
47	7
48	7
49	7
50	7
51	7
52	7
53	7
54	7
55	7
56	7
57	6
58	6
59	7
60	6
61	7
62	7
63	7
64	7
65	7
66	7
67	7
68	7
69	7
70	7
71	7
72	7
73	7
74	7
75	7
76	7
77	6
78	6
79	8
80	6
81	7
82	7
83	7
84	7
85	7
86	7
87	7
88	7
89	7
90	7
91	7
92	7
93	7
94	7
95	7
96	7
97	6
98	6
99	8
100	7
101	7
102	7
103	7
104	7
105	7
106	7
107	7
108	7
109	7
110	7
111	7
112	7
113	7
114	7
115	7
116	7
117	6
118	6
119	8
120	7
121	7
122	7
123	7
124	7
125	7
126	7
127	7
128	7
129	7
130	7
131	7
132	7
133	7
134	7
135	7
136	7
137	6
138	6
139	8
140	7
141	7
142	7
143	7
144	7
145	7
146	7
147	7
148	7
149	7
150	7
151	7
152	7
153	7
154	7
155	7
156	7
157	6
158	6
159	8
160	7
161	7
162	7
163	7
164	7
165	7
166	7
167	7
168	7
169	7
170	7
171	7
172	7
173	7
174	7
175	7
176	7
177	6
178	6
179	9
180	7
181	7
182	7
183	7
184	7
185	7
186	7
187	7
188	7
189	7
190	7
191	7
192	7
193	7
194	7
195	7
196	7
197	6
198	6
199	9
200	7
201	7
202	7
203	7
204	7
205	7
206	7
207	7
208	7
209	7
210	7
211	7
212	7
213	7
214	7
215	7
216	7
217	6
218	6
219	9
220	7
221	7
222	7
223	7
224	7
225	7
226	7
227	7
228	7
229	7
230	7
231	7
232	7
233	7
234	7
235	7
236	7
237	6
238	6
239	9
240	7
241	7
242	7
243	7
244	7
245	7
246	7
247	7
248	7
249	7
250	7
251	7
252	7
253	7
254	7
255	7
256	7
257	6
258	6
259	9
260	7
261	7
262	7
263	7
264	7
265	7
266	7
267	7
268	7
269	7
270	7
271	7
272	7
273	7
274	7
275	7
276	7
277	6
278	6
279	9
280	7
281	7
282	7
283	7
284	7
285	7
286	7
287	7
288	7
289	7
290	7
291	7
292	7
293	7
294	7
295	7
296	7
297	6
298	6
299	9
300	7
301	7
302	7
303	7
304	7
305	7
306	7
307	7
308	7
309	7
310	7
311	7
312	7
313	7
314	7
315	7
316	6
317	6
318	6
319	8
320	7
321	7
322	7
323	7
324	7
325	7
326	7
327	7
328	7
329	7
330	7
331	7
332	7
333	7
334	7
335	6
336	6
337	6
338	7
339	8
340	6
341	6
342	6
343	6
344	6
345	6
346	6
347	6
348	6
349	6
350	6
351	6
352	6
353	6
354	6
355	6
356	6
357	6
358	7
359	7
360	6
361	6
362	6
363	6
364	6
365	6
366	6
367	6
368	6
369	6
370	6
371	6
372	6
373	6
374	6
375	6
376	7
377	7
378	7
379	6
380	6
381	7
382	7
383	8
384	8
385	8
386	8
387	8
388	9
389	9
390	9
391	9
392	9
393	9
394	9
395	8
396	8
397	7
398	6
399	6
0	6
1	6
2	6
3	6
4	6
5	6
6	6
7	6
8	6
9	6
10	6
11	6
12	6
13	6
14	6
15	6
16	6
17	6
18	6
19	5
20	6
21	6
22	6
23	6
24	6
25	6
26	6
27	6
28	6
29	6
30	6
31	6
32	6
33	6
34	6
35	6
36	6
37	6
38	6
39	5
40	6
41	6
42	6
43	6
44	6
45	6
46	6
47	6
48	6
49	6
50	6
51	6
52	6
53	6
54	6
55	6
56	6
57	6
58	6
59	5
60	6
61	6
62	6
63	6
64	6
65	6
66	6
67	6
68	6
69	6
70	6
71	6
72	7
73	7
74	7
75	7
76	7
77	7
78	6
79	5
80	6
81	6
82	6
83	6
84	6
85	6
86	6
87	6
88	6
89	6
90	7
91	7
92	7
93	7
94	7
95	7
96	7
97	7
98	6
99	5
100	6
101	6
102	6
103	6
104	6
105	6
106	6
107	6
108	6
109	7
110	7
111	7
112	7
113	7
114	7
115	7
116	7
117	7
118	6
119	5
120	6
121	6
122	6
123	6
124	6
125	6
126	6
127	7
128	7
129	7
130	7
131	7
132	7
133	7
134	7
135	7
136	7
137	7
138	6
139	6
140	6
141	6
142	6
143	6
144	6
145	6
146	7
147	7
148	7
149	7
150	7
151	7
152	7
153	7
154	7
155	7
156	7
157	7
158	6
159	6
160	6
161	6
162	6
163	6
164	6
165	6
166	7
167	7
168	7
169	7
170	7
171	7
172	7
173	7
174	7
175	7
176	7
177	7
178	6
179	6
180	6
181	6
182	6
183	6
184	6
185	7
186	7
187	7
188	7
189	7
190	7
191	7
192	7
193	7
194	7
195	7
196	7
197	7
198	6
199	6
200	6
201	6
202	6
203	6
204	7
205	7
206	7
207	7
208	7
209	7
210	7
211	7
212	7
213	7
214	7
215	7
216	7
217	7
218	6
219	6
220	6
221	6
222	6
223	6
224	7
225	7
226	7
227	7
228	7
229	7
230	7
231	7
232	7
233	7
234	7
235	7
236	7
237	7
238	7
239	5
240	6
241	6
242	6
243	7
244	7
245	7
246	7
247	7
248	7
249	7
250	7
251	7
252	7
253	7
254	7
255	7
256	7
257	7
258	7
259	6
260	6
261	6
262	6
263	7
264	7
265	7
266	7
267	7
268	7
269	7
270	7
271	7
272	7
273	7
274	7
275	7
276	7
277	7
278	7
279	6
280	6
281	6
282	6
283	7
284	7
285	7
286	7
287	7
288	7
289	7
290	7
291	7
292	7
293	7
294	7
295	7
296	7
297	7
298	7
299	7
300	6
301	6
302	6
303	7
304	7
305	7
306	7
307	7
308	7
309	7
310	7
311	7
312	7
313	7
314	7
315	7
316	7
317	7
318	7
319	7
320	6
321	6
322	6
323	7
324	7
325	7
326	7
327	7
328	7
329	7
330	7
331	7
332	7
333	7
334	7
335	7
336	7
337	7
338	7
339	6
340	6
341	6
342	6
343	7
344	7
345	7
346	7
347	7
348	7
349	7
350	7
351	7
352	7
353	7
354	7
355	7
356	7
357	7
358	7
359	6
360	6
361	6
362	6
363	6
364	6
365	6
366	6
367	6
368	6
369	6
370	6
371	7
372	7
373	7
374	7
375	7
376	7
377	7
378	7
379	6
380	5
381	5
382	5
383	5
384	5
385	5
386	6
387	6
388	6
389	6
390	6
391	5
392	6
393	6
394	7
395	7
396	6
397	6
398	6
399	6
0	5
1	5
2	6
3	6
4	6
5	6
6	6
7	6
8	6
9	6
10	6
11	6
12	6
13	6
14	6
15	6
16	6
17	6
18	6
19	5
20	5
21	6
22	6
23	6
24	6
25	6
26	6
27	6
28	6
29	6
30	6
31	6
32	6
33	6
34	6
35	6
36	6
37	6
38	6
39	5
40	6
41	6
42	6
43	6
44	6
45	6
46	6
47	6
48	6
49	6
50	6
51	6
52	6
53	6
54	6
55	6
56	6
57	6
58	6
59	6
60	6
61	6
62	6
63	6
64	6
65	6
66	6
67	6
68	6
69	6
70	6
71	6
72	6
73	6
74	6
75	6
76	6
77	6
78	6
79	6
80	6
81	6
82	6
83	6
84	6
85	6
86	6
87	6
88	6
89	6
90	6
91	6
92	6
93	6
94	6
95	6
96	6
97	6
98	6
99	6
100	6
101	6
102	6
103	6
104	6
105	6
106	6
107	6
108	6
109	6
110	6
111	6
112	6
113	6
114	6
115	6
116	6
117	6
118	6
119	6
120	6
121	6
122	6
123	6
124	6
125	6
126	6
127	6
128	6
129	6
130	6
131	6
132	6
133	6
134	6
135	6
136	6
137	6
138	6
139	6
140	6
141	6
142	6
143	6
144	6
145	6
146	6
147	6
148	6
149	6
150	6
151	6
152	6
153	6
154	6
155	6
156	7
157	7
158	6
159	6
160	6
161	6
162	6
163	6
164	6
165	6
166	6
167	6
168	6
169	6
170	6
171	6
172	6
173	6
174	7
175	7
176	7
177	7
178	7
179	6
180	6
181	6
182	6
183	6
184	6
185	6
186	6
187	6
188	6
189	6
190	6
191	6
192	7
193	7
194	7
195	7
196	7
197	7
198	7
199	6
200	6
201	6
202	6
203	6
204	6
205	6
206	6
207	6
208	6
209	6
210	6
211	7
212	7
213	7
214	7
215	7
216	7
217	7
218	7
219	6
220	6
221	6
222	6
223	6
224	6
225	6
226	6
227	6
228	6
229	6
230	7
231	7
232	7
233	7
234	7
235	7
236	7
237	7
238	7
239	6
240	6
241	6
242	6
243	6
244	6
245	6
246	6
247	6
248	6
249	7
250	7
251	7
252	7
253	7
254	7
255	7
256	7
257	7
258	7
259	6
260	6
261	6
262	6
263	6
264	6
265	6
266	6
267	6
268	6
269	7
270	7
271	7
272	7
273	7
274	7
275	7
276	7
277	7
278	7
279	5
280	6
281	6
282	6
283	6
284	6
285	6
286	6
287	6
288	7
289	7
290	7
291	7
292	7
293	7
294	7
295	7
296	7
297	7
298	7
299	6
300	6
301	6
302	6
303	6
304	6
305	6
306	6
307	6
308	7
309	7
310	7
311	7
312	7
313	7
314	7
315	7
316	7
317	7
318	7
319	6
320	6
321	6
322	6
323	6
324	6
325	6
326	6
327	7
328	7
329	7
330	7
331	7
332	7
333	7
334	7
335	7
336	7
337	7
338	7
339	7
340	6
341	6
342	6
343	6
344	6
345	6
346	6
347	7
348	7
349	7
350	7
351	7
352	7
353	7
354	7
355	7
356	7
357	7
358	7
359	7
360	6
361	6
362	6
363	6
364	6
365	6
366	6
367	6
368	7
369	7
370	7
371	7
372	7
373	7
374	7
375	7
376	7
377	7
378	7
379	7
380	5
381	5
382	6
383	6
384	6
385	6
386	6
387	6
388	6
389	6
390	6
391	6
392	6
393	5
394	6
395	6
396	7
397	7
398	7
399	7
