0.0041917
0.0041917
0.0042108
0.0042108
0.0043172
0.0043172
0.0043272
0.0043272
0.0045032
0.0045032
0.0046509
0.0046509
0.0047061
0.0047061
0.004908
0.004908
0.005086
0.005086
0.0052856
0.0052856
0.0063592
0.0063592
0.007932
0.008069
0.008069
0.010674
0.010674
0.01244
0.014138
0.014138
0.014474
0.014474
0.018717
0.019524
0.019524
0.01975
0.01975
0.021074
0.021074
0.021764
0.022677
0.022677
0.023733
0.023733
0.02547
0.025835
0.025835
0.026678
0.026678
0.026846
0.026846
0.026993
0.027749
0.027749
0.027949
0.027949
0.02823
0.02823
0.029087
0.029087
0.029352
0.029521
0.029521
0.029993
0.029993
0.030628
0.030628
0.030675
0.030675
0.030855
0.030855
0.031264
0.031264
0.031449
0.031449
0.031533
0.031613
0.031613
0.031614
0.031614
0.031738
0.031738
0.031766
0.031766
0.031785
0.031785
0.031837
0.031837
0.032107
0.032107
0.032166
0.032166
0.032246
0.032246
0.032353
0.032353
0.032545
0.032545
0.032546
0.032546
0.032612
0.032612
0.03276
0.032789
0.032789
0.032795
0.032795
0.032814
0.032814
0.032897
0.032897
0.032949
0.032949
0.033027
0.033027
0.033042
0.033042
0.03305
0.03305
0.033083
0.033083
0.033155
0.033155
0.033159
0.033159
0.033165
0.033165
0.033167
0.033167
0.033205
0.033205
0.033208
0.033208
0.03321
0.03321
0.033221
0.033221
0.033253
0.033253
0.033286
0.033286
0.033287
0.033287
0.033289
0.033289
0.033323
0.033323
0.033364
0.033364
0.033365
0.033365
0.033369
0.033369
0.033374
0.033374
0.033377
0.033377
0.033386
0.033386
0.033451
0.033451
0.033462
0.033462
0.033465
0.033465
0.033467
0.033469
0.033469
0.033479
0.033479
0.033496
0.033496
0.033507
0.033507
0.033512
0.033512
0.033516
0.033516
0.033534
0.033534
0.033551
0.033551
0.033552
0.033552
0.033564
0.033564
0.033567
0.033567
0.033586
0.033586
0.033591
0.033591
0.033592
0.033592
0.033602
0.033602
0.033611
0.033611
0.033629
0.033629
0.033643
0.033643
0.033645
0.033645
0.033648
0.033648
0.033673
0.033673
0.033686
0.033686
0.033686
0.033686
0.033689
0.033689
0.033696
0.033696
0.03371
0.03371
0.033716
0.033716
0.03372
0.03372
0.033723
0.033723
0.033724
0.033724
0.033784
0.033784
0.033807
0.033807
0.033807
0.033807
0.033808
0.033808
0.03381
0.03381
0.033816
0.033816
0.033818
0.033818
0.033825
0.033825
0.033859
0.033859
0.033888
0.033888
0.033901
0.033901
0.033901
0.033901
0.033904
0.03393
0.03393
0.033942
0.033942
0.03395
0.03395
0.033963
0.033963
0.033977
0.033977
0.033984
0.033984
0.033989
0.033989
0.034002
0.034002
0.034037
0.034037
0.034045
0.034045
0.034063
0.034063
0.034064
0.034064
0.034075
0.034075
0.034107
0.034107
0.034121
0.034121
0.034145
0.034145
0.034154
0.034154
0.034177
0.034177
0.034185
0.034185
0.034187
0.034187
0.034192
0.034192
0.034204
0.034204
0.034204
0.034204
0.034207
0.034218
0.034218
0.034278
0.034278
0.034288
0.034288
0.034292
0.034292
0.034304
0.034304
0.034328
0.034328
0.034346
0.034346
0.034349
0.034349
0.03435
0.03435
0.03435
0.03435
0.034351
0.034351
0.034371
0.034371
0.034384
0.034384
0.034395
0.034395
0.0344
0.0344
0.034426
0.034426
0.034451
0.034454
0.034454
0.034462
0.034462
0.034462
0.034462
0.034475
0.034475
0.034495
0.034495
0.034511
0.034511
0.03452
0.03452
0.034528
0.034528
0.034549
0.034549
0.034556
0.034556
0.034572
0.034572
0.0346
0.0346
0.034616
0.034616
0.034635
0.034635
0.034637
0.034637
0.034652
0.034652
0.034669
0.034669
0.034673
0.034687
0.034687
0.034695
0.034695
0.034703
0.034703
0.034757
0.034757
0.034771
0.034771
0.034774
0.034774
0.034823
0.034823
0.034839
0.034839
0.034843
0.034843
0.034843
0.034843
0.03485
0.03485
0.034867
0.034867
0.034869
0.034869
0.034887
0.03493
0.03493
0.034947
0.034965
0.034965
0.034978
0.034978
0.035015
0.035015
0.03503
0.03503
0.035031
0.035031
0.035044
0.035044
0.03507
0.03507
0.035073
0.035073
0.035092
0.035103
0.035103
0.035125
0.035125
0.035165
0.035165
0.035172
0.035172
0.035191
0.035191
0.035202
0.035202
0.035236
0.035236
0.035255
0.035255
0.035272
0.035272
0.035273
0.035273
0.035284
0.035287
0.035287
0.035337
0.035337
0.035344
0.035344
0.035345
0.035345
0.035347
0.035347
0.0354
0.0354
0.035442
0.035442
0.035451
0.035455
0.035455
0.035455
0.035455
0.035481
0.035481
0.03549
0.03549
0.035515
0.035515
0.035532
0.03558
0.035587
0.035587
0.035594
0.035594
0.035626
0.035626
0.035631
0.035661
0.035682
0.035891
0.035891
0.036416
0.036416
0.03664
0.03664
0.037402
0.037402
0.03789
0.03789
0.038759
0.038759
0.039044
0.039206
0.039206
0.039657
0.039657
0.040021
0.040021
0.040285
0.040285
0.040309
0.040309
0.040486
0.040486
0.040755
0.040755
0.040846
0.040846
0.040849
0.040849
0.040919
0.040919
0.040986
0.040986
0.040996
0.040996
0.041013
0.041013
0.041085
0.041085
0.041124
0.041139
0.041139
0.041163
0.041163
0.041188
0.041188
0.041221
0.041221
0.041298
0.041298
0.041301
0.041301
0.041333
0.041333
0.041363
0.041363
0.04138
0.04138
0.041405
0.041405
0.04141
0.04141
0.041487
0.041487
0.04154
0.04154
0.041615
0.041615
0.041631
0.041631
0.041632
0.041632
0.041665
0.041665
0.041707
0.041707
0.041721
0.041721
0.041729
0.041729
0.041752
0.041752
0.04182
0.04182
0.041849
0.041849
0.041859
0.041859
0.041899
0.041899
0.041903
0.041903
0.041922
0.041922
0.041938
0.041938
0.041947
0.041947
0.041947
0.041947
0.041955
0.041955
0.041955
0.041955
0.042007
0.042007
0.042021
0.042021
0.042056
0.042056
0.04208
0.042081
0.042081
0.042115
0.042115
0.04218
0.04218
0.042184
0.042184
0.042187
0.042203
0.042203
0.042205
0.042205
0.042214
0.042214
0.042224
0.042224
0.042226
0.042226
0.042231
0.042231
0.042237
0.042237
0.042241
0.042241
0.042245
0.042245
0.042274
0.042274
0.042288
0.042288
0.042319
0.042319
0.042324
0.042324
0.042327
0.042327
0.042332
0.042332
0.042347
0.042347
0.042364
0.042364
0.042407
0.042407
0.042461
0.042461
0.042467
0.042467
0.04247
0.04247
0.042477
0.042477
0.042493
0.042493
0.042498
0.042498
0.042499
0.042499
0.042511
0.042511
0.042513
0.042513
0.042516
0.042516
0.042518
0.042518
0.042534
0.042534
0.042544
0.042544
0.042598
0.042598
0.0426
0.0426
0.04263
0.04263
0.042656
0.042656
0.042657
0.042657
0.042682
0.042682
0.042705
0.042705
0.042715
0.042715
0.042746
0.042746
0.042758
0.042772
0.042772
0.042785
0.042785
0.042804
0.042804
0.042824
0.042824
0.042854
0.042854
0.042863
0.042863
0.042873
0.042873
0.042885
0.042885
0.0429
0.0429
0.042912
0.042912
0.042945
0.042945
0.042971
0.042971
0.042979
0.042979
0.042985
0.042985
0.042985
0.042985
0.043008
0.043008
0.043081
0.043081
0.043104
0.043104
0.043105
0.043105
0.043113
0.043118
0.043118
0.043167
0.043167
0.04319
0.04319
0.043205
0.043205
0.043216
0.043216
0.043216
0.043216
0.043219
0.043219
0.043247
0.043247
0.043278
0.043278
0.043305
0.043305
0.043344
0.043344
0.043347
0.043347
0.043381
0.043381
0.043382
0.043382
0.043394
0.043407
0.043407
0.043421
0.043421
0.043443
0.043443
0.043518
0.043518
0.043587
0.043587
0.043588
0.043588
0.043595
0.043595
0.043604
0.043604
0.043609
0.043609
0.043656
0.043656
0.043659
0.043659
0.043672
0.043713
0.043713
0.043795
0.043795
0.0438
0.0438
0.0438
0.0438
0.043885
0.043885
0.043891
0.043891
0.043903
0.043903
0.04393
0.04393
0.043971
0.043974
0.043974
0.043983
0.043983
0.044107
0.044107
0.044127
0.044127
0.044149
0.044149
0.044177
0.044177
0.044188
0.044188
0.044194
0.044194
0.044213
0.044213
0.044223
0.044223
0.044292
0.044366
0.044366
0.044367
0.044367
0.044383
0.044383
0.044431
0.044431
0.044488
0.044488
0.044503
0.044503
0.044509
0.044509
0.044533
0.044533
0.044625
0.044639
0.044639
0.04473
0.04473
0.044752
0.044752
0.044755
0.044755
0.044798
0.044798
0.044839
0.044839
0.044915
0.044915
0.044947
0.045027
0.045027
0.045054
0.045054
0.045057
0.045057
0.045111
0.045111
0.045153
0.045153
0.045238
0.045248
0.045248
0.045284
0.045312
0.045312
0.045362
0.045362
0.045417
0.045417
0.045418
0.045418
0.045475
0.045502
0.045502
0.045597
0.045597
0.045606
0.045606
0.045633
0.045633
0.045637
0.045685
0.045685
0.045701
0.045709
0.045715
0.047721
0.047721
0.049039
0.049039
0.049637
0.049637
0.050473
0.051124
0.051124
0.051167
0.051574
0.051574
0.052698
0.052698
0.053171
0.053171
0.053211
0.053211
0.053336
0.053336
0.05337
0.05337
0.053506
0.053506
0.053535
0.053535
0.053567
0.053567
0.053604
0.053604
0.053618
0.053618
0.053671
0.053671
0.053677
0.053677
0.053858
0.053858
0.053914
0.053914
0.05392
0.05392
0.053952
0.053952
0.054075
0.054075
0.054081
0.054081
0.054199
0.054199
0.054207
0.054207
0.05423
0.05423
0.054257
0.054257
0.054367
0.054367
0.054426
0.054426
0.054607
0.054607
0.054616
0.054616
0.054682
0.054682
0.054686
0.054686
0.05475
0.05475
0.054774
0.054774
0.054857
0.054857
0.054912
0.054912
0.054973
0.054973
0.055056
0.055056
0.055067
0.055067
0.055091
0.055165
0.055165
0.055186
0.055186
0.055231
0.055231
0.055273
0.055273
0.055283
0.055283
0.055337
0.055337
0.055416
0.055416
0.05544
0.05544
0.055503
0.055503
0.055546
0.055546
0.055578
0.055578
0.055619
0.055619
0.055661
0.055661
0.055663
0.055663
0.055762
0.055762
0.055768
0.055768
0.055839
0.055839
0.055858
0.055858
0.055987
0.055987
0.056037
0.056037
0.056076
0.056076
0.056108
0.056108
0.05612
0.05612
0.056132
0.056132
0.056143
0.056143
0.056177
0.056177
0.056211
0.056211
0.056229
0.056229
0.05625
0.05625
0.056316
0.056316
0.056326
0.056326
0.056401
0.056401
0.05641
0.05641
0.056502
0.056502
0.056517
0.056517
0.056547
0.056547
0.056592
0.056592
0.056642
0.056642
0.056668
0.056668
0.056689
0.056689
0.056712
0.056712
0.056719
0.056719
0.056722
0.056751
0.056751
0.056755
0.056755
0.056757
0.056757
0.056816
0.056816
0.05683
0.05683
0.056847
0.056847
0.056855
0.056855
0.056891
0.056891
0.0569
0.0569
0.056932
0.056932
0.056947
0.056947
0.056974
0.056974
0.057006
0.057006
0.057035
0.057035
0.057036
0.057036
0.05705
0.05705
0.057092
0.057092
0.057094
0.057094
0.057107
0.057107
0.057113
0.057113
0.057117
0.057117
0.057127
0.057127
0.057133
0.057133
0.057162
0.057162
0.057243
0.057243
0.057257
0.057257
0.057258
0.057258
0.057264
0.057264
0.057296
0.057296
0.057319
0.057319
0.05734
0.05734
0.057363
0.057363
0.057364
0.057406
0.057406
0.057412
0.057412
0.057426
0.057426
0.05743
0.05743
0.057498
0.057498
0.057512
0.057512
0.057522
0.057522
0.057526
0.057526
0.057569
0.057569
0.05757
0.05757
0.057576
0.057576
0.057634
0.057654
0.057654
0.05771
0.05771
0.057725
0.057725
0.057741
0.057741
0.057786
0.057786
0.057821
0.057821
0.057823
0.057881
0.057881
0.057886
0.057886
0.05791
0.05791
0.057915
0.057915
0.057963
0.057963
0.057968
0.057968
0.058068
0.058099
0.058099
0.058135
0.058135
0.05818
0.05818
0.058199
0.058199
0.058228
0.058228
0.058276
0.058276
0.058289
0.058289
0.058321
0.058321
0.058417
0.058534
0.058534
0.058562
0.058562
0.058572
0.058572
0.058599
0.058599
0.058711
0.058711
0.058724
0.058724
0.058768
0.058768
0.058811
0.058811
0.058876
0.05894
0.05894
0.058946
0.058946
0.059098
0.059098
0.059179
0.059179
0.05924
0.05924
0.059275
0.059275
0.059292
0.059292
0.059326
0.059326
0.059422
0.059533
0.059533
0.05964
0.05964
0.059665
0.059665
0.059708
0.059708
0.059799
0.059799
0.059801
0.059801
0.060016
0.060057
0.060057
0.060069
0.060069
0.060247
0.060247
0.060259
0.060259
0.060297
0.060297
0.060362
0.060362
0.060439
0.060439
0.060615
0.060734
0.060734
0.060833
0.060833
0.060871
0.060871
0.06088
0.06088
0.060926
0.060926
0.06097
0.06097
0.061107
0.061107
0.061175
0.061318
0.061318
0.061348
0.061348
0.061531
0.061531
0.061631
0.061631
0.061657
0.061668
0.061668
0.061766
0.061766
0.062013
0.062013
0.062027
0.062072
0.062072
0.062221
0.062221
0.062273
0.062318
0.062318
0.062448
0.062513
0.062513
0.062549
0.062897
0.064335
0.064335
0.06452
0.06452
0.065323
0.065323
0.065447
0.065447
0.065777
0.065777
0.066056
0.066056
0.066282
0.066282
0.066307
0.066307
0.066374
0.066374
0.066412
0.066412
0.066564
0.066564
0.066637
0.066637
0.066871
0.066871
0.067037
0.067037
0.067134
0.067134
0.067935
0.067935
0.068276
0.068276
0.068605
0.068605
0.069115
0.069115
0.069656
0.069656
0.069738
0.069738
0.070018
0.070018
0.070468
0.070468
0.070735
0.070735
0.070876
0.070876
0.071067
0.071067
0.07107
0.07107
0.071806
0.071806
0.072411
0.072411
0.072658
0.072658
0.072838
0.072838
0.073401
0.073401
0.073599
0.073599
0.073602
0.073602
0.073794
0.073981
0.074573
0.074573
0.074606
0.074606
0.075356
0.075356
0.075431
0.075431
0.075601
0.075601
0.075652
0.075652
0.076383
0.076383
0.076574
0.076574
0.076713
0.076713
0.076742
0.076742
0.076823
0.076823
0.076947
0.076947
0.076953
0.076953
0.077238
0.077238
0.077251
0.077251
0.07734
0.07734
0.077408
0.077408
0.077561
0.077561
0.077695
0.077695
0.077768
0.077768
0.077844
0.077844
0.077904
0.077904
0.077905
0.077905
0.078309
0.078309
0.078329
0.078329
0.078416
0.078416
0.078426
0.078426
0.078492
0.078492
0.078586
0.078586
0.078624
0.078624
0.078697
0.078697
0.078807
0.078807
0.079062
0.079062
0.079105
0.079105
0.079155
0.079155
0.079378
0.079378
0.079387
0.079387
0.079459
0.079459
0.07948
0.07948
0.07959
0.07959
0.07977
0.07977
0.079829
0.079829
0.079921
0.079921
0.079933
0.079933
0.079933
0.079933
0.079966
0.079966
0.08041
0.08041
0.080439
0.080439
0.08045
0.08045
0.080489
0.080489
0.080495
0.080495
0.08052
0.08052
0.080521
0.080521
0.080798
0.080798
0.080851
0.080851
0.080855
0.080855
0.0809
0.0809
0.081154
0.081154
0.081221
0.081221
0.081378
0.081378
0.081381
0.081381
0.081447
0.081447
0.081454
0.081454
0.081505
0.081505
0.081511
0.081511
0.08162
0.08162
0.081621
0.081621
0.081767
0.081767
0.08187
0.08187
0.081917
0.081917
0.081923
0.081923
0.081932
0.081932
0.081937
0.081937
0.081998
0.081998
0.082324
0.082324
0.082338
0.082338
0.08237
0.08237
0.082408
0.082408
0.082418
0.082418
0.082468
0.082468
0.08259
0.08259
0.082632
0.082632
0.082636
0.082636
0.082739
0.082739
0.082756
0.082756
0.082839
0.082839
0.082862
0.082862
0.082911
0.08295
0.08295
0.083016
0.083016
0.083118
0.083118
0.083125
0.083125
0.083177
0.083177
0.083212
0.083212
0.083216
0.083216
0.083244
0.083244
0.083308
0.083308
0.083322
0.083322
0.083343
0.083343
0.0834
0.0834
0.083444
0.083444
0.083533
0.083533
0.083612
0.083612
0.08364
0.08364
0.083766
0.083766
0.083784
0.083784
0.083793
0.083793
0.083797
0.083797
0.083798
0.083798
0.083805
0.083805
0.083818
0.083818
0.083864
0.083864
0.083881
0.083881
0.083883
0.083883
0.083956
0.08398
0.083991
0.083991
0.084015
0.084015
0.084035
0.084035
0.08405
0.08405
0.08406
0.08406
0.084078
0.084078
0.084113
0.084113
0.084189
0.084189
0.084232
0.084253
0.084322
0.08433
0.08433
0.08433
0.08433
0.08434
0.08434
0.084405
0.084405
0.084451
0.084451
0.084498
0.084498
0.08451
0.08451
0.084536
0.084536
0.08456
0.08456
0.08458
0.08458
0.084606
0.084606
0.084615
0.084615
0.084747
0.084747
0.084757
0.084757
0.084795
0.084795
0.084828
0.084892
0.084959
0.084959
0.084963
0.084963
0.084992
0.084992
0.085031
0.085031
0.085063
0.085063
0.085132
0.085132
0.085165
0.085165
0.085174
0.085174
0.085203
0.085203
0.085272
0.085272
0.085297
0.085333
0.085333
0.085345
0.085345
0.08538
0.08538
0.085391
0.085391
0.085408
0.085408
0.085428
0.085503
0.085503
0.085515
0.085515
0.085532
0.085532
0.08554
0.08554
0.085602
0.085602
0.085611
0.085668
0.085668
0.085891
0.085891
0.08598
0.08598
0.085982
0.085982
0.086062
0.086062
0.086098
0.086098
0.086101
0.086101
0.086215
0.086215
0.086229
0.086229
0.086262
0.086262
0.086294
0.086294
0.086523
0.08692
0.08692
0.087149
0.087149
0.087166
0.087166
0.087186
0.087186
0.087211
0.087211
0.08727
0.08727
0.087481
0.087754
0.087754
0.087804
0.087804
0.087826
0.087868
0.087868
0.088068
0.088068
0.088123
0.088123
0.088178
0.088178
0.088206
0.088206
0.088412
0.088759
0.088759
0.088931
0.088931
0.089039
0.089039
0.089048
0.089048
0.089179
0.089179
0.089251
0.089547
0.089547
0.089578
0.089578
0.089706
0.089706
0.089729
0.089729
0.089764
0.089764
0.089959
0.089959
0.089959
0.090218
0.090218
0.090312
0.090312
0.090524
0.090531
0.090531
0.090593
0.090593
0.090668
0.090668
0.090849
0.091494
0.091494
0.092843
0.092843
0.094521
0.094521
0.095125
0.096146
0.096146
0.096445
0.096445
0.098516
0.098516
0.099699
0.099699
0.10062
0.10062
0.10266
0.10266
0.10282
0.10282
0.10296
0.10296
0.10453
0.10453
0.10526
0.10526
0.10614
0.10614
0.10709
0.10741
0.10741
0.10749
0.10749
0.10954
0.10954
0.10959
0.10959
0.10972
0.10972
0.10977
0.10977
0.10992
0.10992
0.11019
0.11019
0.11023
0.11023
0.11033
0.11051
0.11051
0.11089
0.11089
0.11132
0.11132
0.11179
0.11179
0.11221
0.11221
0.11232
0.11232
0.11269
0.11269
0.1129
0.1129
0.11358
0.11358
0.11437
0.11437
0.11486
0.11486
0.11536
0.11536
0.11663
0.11663
0.11731
0.11731
0.1177
0.1177
0.11829
0.11829
0.11934
0.11934
0.1194
0.1194
0.11956
0.11956
0.11981
0.11981
0.12012
0.12012
0.12037
0.12037
0.12048
0.12048
0.12054
0.12066
0.12066
0.12087
0.12087
0.12127
0.12127
0.12146
0.12146
0.12168
0.12168
0.12207
0.12207
0.12246
0.12246
0.12252
0.12252
0.12262
0.12267
0.12267
0.12267
0.12267
0.12278
0.12278
0.12286
0.12286
0.12297
0.12297
0.12323
0.12323
0.1233
0.1233
0.12355
0.12355
0.12366
0.12366
0.12381
0.12381
0.1239
0.1239
0.12427
0.12427
0.12443
0.12443
0.12464
0.12464
0.1249
0.1249
0.12492
0.12492
0.12499
0.12499
0.125
0.125
0.12502
0.12502
0.12517
0.12517
0.1252
0.1252
0.12535
0.12535
0.12543
0.12543
0.12543
0.12543
0.12568
0.12568
0.1257
0.1257
0.12589
0.12589
0.12594
0.12599
0.12599
0.12602
0.12602
0.12629
0.12629
0.12635
0.12635
0.12657
0.12657
0.12658
0.12658
0.12669
0.12669
0.12683
0.12683
0.12695
0.12695
0.12697
0.12697
0.12697
0.12697
0.12697
0.12701
0.12701
0.12707
0.12707
0.12708
0.12708
0.12712
0.12712
0.12718
0.12718
0.12727
0.12727
0.12727
0.12727
0.12728
0.12728
0.12744
0.12744
0.12744
0.12744
0.12746
0.12753
0.12753
0.12762
0.12762
0.12778
0.12778
0.12788
0.12791
0.12791
0.12801
0.12801
0.12802
0.12802
0.12805
0.12805
0.12838
0.12861
0.12861
0.12875
0.12875
0.12875
0.12882
0.12882
0.12882
0.12882
0.12883
0.12883
0.12884
0.12884
0.12886
0.12886
0.12886
0.12886
0.12887
0.12887
0.12897
0.12897
0.12904
0.12914
0.12914
0.12934
0.12934
0.12938
0.12938
0.12938
0.12938
0.1294
0.1294
0.12965
0.12965
0.12975
0.12975
0.12987
0.12987
0.12992
0.13006
0.13006
0.13023
0.13023
0.13041
0.13041
0.13041
0.13041
0.1306
0.1306
0.13083
0.13083
0.13084
0.13084
0.13111
0.13113
0.13113
0.13125
0.13125
0.13149
0.13149
0.13164
0.13164
0.13177
0.13177
0.1318
0.1318
0.13194
0.13194
0.13203
0.13203
0.13242
0.13242
0.13245
0.13245
0.13247
0.13247
0.13269
0.13291
0.13291
0.13306
0.13306
0.13317
0.13317
0.1334
0.1334
0.13343
0.13343
0.13359
0.13359
0.13371
0.13371
0.13388
0.13388
0.13403
0.13403
0.13438
0.13438
0.1345
0.1345
0.1347
0.1347
0.13477
0.13511
0.13511
0.13543
0.13543
0.13544
0.13544
0.13548
0.13548
0.13572
0.13589
0.13589
0.13597
0.13597
0.13639
0.13639
0.13675
0.13675
0.1372
0.1372
0.13741
0.13741
0.13747
0.13747
0.13748
0.13769
0.13769
0.13849
0.13849
0.1385
0.1385
0.13868
0.13868
0.1388
0.1388
0.13904
0.13904
0.13966
0.13966
0.13983
0.13983
0.14066
0.14066
0.1409
0.1409
0.14094
0.14124
0.14124
0.14155
0.14155
0.1422
0.1422
0.14235
0.14235
0.14274
0.14274
0.14291
0.14291
0.14345
0.14345
0.14412
0.14412
0.14428
0.14428
0.14433
0.14433
0.14496
0.14496
0.14525
0.14556
0.14556
0.14598
0.14598
0.14599
0.14599
0.1471
0.1471
0.14766
0.14766
0.14794
0.14794
0.14933
0.14933
0.1494
0.1494
0.1497
0.1497
0.15
0.15
0.15015
0.15015
0.15042
0.15071
0.15071
0.15166
0.15166
0.15271
0.15271
0.15284
0.15296
0.15296
0.1532
0.1532
0.15405
0.15405
0.15414
0.15414
0.15506
0.15506
0.15536
0.15536
0.15599
0.15599
0.15611
0.15611
0.15619
0.15772
0.15772
0.1582
0.1582
0.15874
0.15874
0.15879
0.15879
0.15898
0.15898
0.16034
0.16034
0.16073
0.16073
0.161
0.16136
0.16149
0.16149
0.1617
0.1617
0.16174
0.16174
0.16258
0.16258
0.16269
0.16269
0.16382
0.16382
0.16456
0.16456
0.16547
0.16547
0.17022
0.17022
0.17033
0.17033
0.17129
0.17129
0.1721
0.1748
0.1748
0.17785
0.17785
0.17853
0.17853
0.17874
0.17874
0.18199
0.18199
0.18215
0.18215
0.18419
0.18419
0.18443
0.18443
0.18667
0.18667
0.19018
0.19018
0.19195
0.19195
0.19371
0.1946
0.1946
0.19567
0.19567
0.20051
0.20051
0.20156
0.20156
0.20225
0.20225
0.20451
0.20451
0.20505
0.20505
0.20748
0.20748
0.2095
0.2095
0.21096
0.21096
0.21617
0.21617
0.21622
0.21622
0.21798
0.22006
0.22006
0.22206
0.22206
0.22694
0.22694
0.22719
0.22719
0.22871
0.22871
0.23056
0.23056
0.23079
0.23079
0.23673
0.23673
0.23788
0.23788
0.24347
0.24347
0.24386
0.24386
0.24535
0.24814
0.24814
0.24981
0.24981
0.25424
0.25424
0.25594
0.25594
0.25773
0.25773
0.2599
0.2599
0.26636
0.26636
0.26804
0.26804
0.27362
0.27362
0.27438
0.27438
0.27653
0.27908
0.27908
0.2795
0.2795
0.28862
0.28862
0.28995
0.28995
0.29329
0.29329
0.29889
0.29889
0.30232
0.30232
0.30569
0.30569
0.31004
0.31004
0.31265
0.31505
0.31505
0.32616
0.32616
0.32647
0.32647
0.33237
0.33237
0.3348
0.3348
0.34208
0.34208
0.35217
0.35217
0.35562
0.35609
0.35609
0.36731
0.36731
0.37151
0.37151
0.37958
0.37958
0.38946
0.38946
0.40377
0.40377
0.40442
0.40442
0.4087
0.42718
0.42718
0.43925
0.43925
0.4478
0.4478
0.47035
0.47035
0.47815
0.49979
0.49979
0.52018
0.52018
0.56376
0.56376
0.57786
0.64454
0.64454
0.75106
