0
0
0
0
0
0
0
0
0
0
0
0
0
0
0
0
0
0
0
0
0
0
0
0
0
0
0
0
0
0
0
0
0
0
0
0
0
0
0
0
0
0
0
0
0
0
0
0
0
0
0
0
0
0
0
0
0
0
0
0
0
0
0
0
0
0
0
0
0
0
0
0
0
0
0
0
0
0
0
0
0
0
0
0
0
0
0
0
0
0
0
0
0
0
0
0
0
0
0
0
0
0
0
0
0
0
0
0
0
0
0
0
0
0
0
0
0
0
0
0
0
0
0
0
0
0
0
0
0
0
0
0
0
0
0
0
0
0
0
0
0
0
0
0
0
0
0
0
0
0
0
0
0
0
0
0
0
0
0
0
0
0
0
0
0
0
0
0
0
0
0
0
0
0
0
0
0
0
0
0
0
0
0
0
0
0
0
0
0
0
0
0
0
0
0
0
0
0
0
0
0
0
0
0
0
0
0
0
0
0
0
0
0
0
0
0
0
0
0
0
0
0
0
0
0
0
0
0
0
0
0
0
0
0
0
0
0
0
0
0
0
0
0
0
0
0
0
0
0
0
0
0
0
0
0
0
0
0
0
0
0
0
0
0
0
0
0
0
0
0
0
0
0
0
0
0
0
0
0
0
0
0
0
0
0
0
0
0
0
0
0
0
0
0
0
0
0
0
0
0
0
0
0
0
0
0
0
0
0
0
0
0
0
0
0
0
0
0
0
0
0
0
0
0
0
0
0
0
0
0
0
0
0
0
0
0
0
0
0
0
0
0
0
0
0
0
0
0
0
0
0
0
0
0
0
0
0
0
0
0
0
0
0
0
0
0
0
0
0
0
0
0
0
0
0
0
0
0
0
0
0
0
0
0
0
0
0
0
0
0
0
0
0
0
0
0
0
0
0
0
0
0
0
0
0
0
0
0
0
0
0
0
0
0
0
0
0
0
0
0
0
0
0
0
0
0
0
0
0
0
0
0
0
0
0
0
0
0
0
0
0
0
0
0
0
0
0
0
0
0
0
0
0
0
0
0
0
0
0
0
0
0
0
0
0
0
0
0
0
0
0
0
0
0
0
0
0
0
0
0
0
0
0
0
0
0
0
0
0
0
0
0
0
0
0
0
0
0
0
0
0
0
0
0
0
0
0
0
0
0
0
0
0
0
0
0
0
0
0
0
0
0
0
0
0
0
0
0
0
0
0
0
0
0
0
0
0
0
0
0
0
0
0
0
0
0
0
0
0
0
0
0
0
0
0
0
0
0
0
0
0
0
0
0
0
0
0
0
0
0
0
0
0
0
0
0
0
2.2183e-10
2.2183e-10
3.8079e-10
3.8079e-10
1.1064e-09
1.1064e-09
1.2112e-09
1.2112e-09
1.6477e-09
1.6477e-09
3.4087e-09
3.4087e-09
6.1222e-09
6.1222e-09
8.3194e-09
8.3194e-09
1.0723e-08
1.1477e-08
1.1477e-08
1.226e-08
1.226e-08
1.7212e-08
1.7212e-08
2.0084e-08
2.0084e-08
2.4511e-08
2.4511e-08
2.5295e-08
2.5295e-08
2.7254e-08
2.7254e-08
4.5782e-08
4.5782e-08
4.8145e-08
4.8145e-08
1.1898e-07
1.1898e-07
1.4365e-07
1.4365e-07
1.4845e-07
1.4845e-07
2.1551e-07
2.1551e-07
3.9924e-07
3.9924e-07
4.7069e-07
4.7069e-07
5.3052e-07
5.3052e-07
1.0554e-06
1.0554e-06
1.225e-06
1.225e-06
1.3043e-06
1.3043e-06
1.397e-06
1.397e-06
1.4243e-06
1.4243e-06
1.5163e-06
1.5163e-06
1.9983e-06
1.9983e-06
2.3282e-06
2.3282e-06
2.7693e-06
2.7693e-06
3.6409e-06
3.6409e-06
3.6823e-06
5.2051e-06
5.2051e-06
8.1726e-06
8.1726e-06
1.4287e-05
1.4287e-05
1.5107e-05
1.5107e-05
1.8822e-05
1.8822e-05
2.1607e-05
2.1607e-05
3.1371e-05
3.1371e-05
3.6188e-05
3.6188e-05
4.2584e-05
4.2584e-05
5.5656e-05
5.5656e-05
6.3291e-05
6.3291e-05
6.7948e-05
6.7948e-05
7.8477e-05
7.8477e-05
8.7052e-05
8.7052e-05
8.7653e-05
8.7653e-05
9.9852e-05
9.9852e-05
0.00010218
0.00010218
0.00012044
0.00012044
0.00012297
0.00012297
0.00012311
0.00012311
0.00012848
0.00012848
0.00013223
0.00013223
0.00013307
0.00014623
0.00014623
0.00018495
0.00018495
0.00021413
0.00021413
0.00025568
0.00029956
0.00029956
0.00032438
0.00032438
0.00038686
0.00038686
0.00040072
0.00040072
0.00041169
0.00041169
0.00044202
0.00044202
0.0004562
0.0004562
0.00053774
0.00053774
0.00068167
0.00068167
0.0007256
0.0007256
0.00074051
0.00074051
0.00080226
0.00080226
0.00094073
0.00094073
0.00097161
0.00097161
0.0010077
0.0010077
0.0011507
0.0011507
0.0013548
0.0013548
0.0014153
0.0014153
0.0014155
0.0014155
0.0022015
0.0022015
0.0022157
0.0022157
0.0022397
0.0022397
0.0023048
0.0023048
0.0026404
0.0026404
0.0026558
0.0026558
0.0027926
0.0027926
0.0030028
0.0030028
0.0034069
0.0034069
0.003696
0.003696
0.0037461
0.0037461
0.0040855
0.0040855
0.0043692
0.0043692
0.0047212
0.0047212
0.0054978
0.005725
0.0061724
0.0061724
0.0085832
0.0085832
0.0090467
0.0090467
0.011628
0.011628
0.01352
0.01352
0.013713
0.013713
0.014782
0.014782
0.015265
0.015265
0.015769
0.015769
0.016018
0.016018
0.019851
0.019851
0.02024
0.02024
0.020726
0.020726
0.022087
0.022087
0.024989
0.024989
0.025073
0.025073
0.027318
0.027318
0.028641
0.028641
0.034526
0.034526
0.03951
0.03951
0.039597
0.039597
0.041073
0.041073
0.043197
0.043197
0.043305
0.043305
0.044258
0.044258
0.044814
0.044814
0.045571
0.045571
0.04718
0.04718
0.049438
0.049438
0.053558
0.053558
0.053884
0.053884
0.056636
0.056636
0.062799
0.062799
0.064645
0.064645
0.065504
0.065504
0.066082
0.066082
0.067406
0.067406
0.067915
0.067915
0.075797
0.075797
0.076855
0.078206
0.078206
0.081433
0.081433
0.081638
0.081638
0.088286
0.088286
0.092237
0.092237
0.09754
0.09754
0.098368
0.098368
0.10078
0.10078
0.10136
0.10136
0.10579
0.10579
0.11791
0.11791
0.12097
0.12097
0.13196
0.13196
0.13489
0.13489
0.13528
0.13528
0.13542
0.13542
0.13774
0.13774
0.14592
0.14592
0.15149
0.15149
0.15156
0.15156
0.15804
0.16757
0.16757
0.18341
0.18341
0.18369
0.1845
0.1845
0.1968
0.20189
0.20189
0.20672
0.20672
0.21052
0.21052
0.21739
0.21739
0.21869
0.21869
0.22993
0.22993
0.23815
0.23815
0.24302
0.24302
0.25479
0.25479
0.26659
0.26659
0.26971
0.26971
0.27384
0.27384
0.28307
0.28307
0.2873
0.2873
0.28852
0.28852
0.29032
0.29032
0.29326
0.3067
0.3067
0.30825
0.30825
0.3107
0.3107
0.31614
0.31614
0.31707
0.31707
0.31835
0.31835
0.32264
0.32264
0.3228
0.3228
0.32338
0.32338
0.33268
0.33268
0.33615
0.33615
0.3382
0.3382
0.34186
0.34186
0.34972
0.34972
0.35322
0.35322
0.35353
0.35353
0.36501
0.36501
0.36566
0.36566
0.37212
0.37212
0.37229
0.37229
0.38321
0.38321
0.38588
0.38588
0.39182
0.39182
0.39737
0.39737
0.40976
0.40976
0.41333
0.41333
0.42716
0.42716
0.43197
0.43197
0.4393
0.4393
0.43934
0.43934
0.44565
0.44565
0.44668
0.44668
0.44749
0.44749
0.44805
0.44805
0.45011
0.45011
0.45981
0.45981
0.46018
0.46018
0.46144
0.46144
0.47252
0.47553
0.47553
0.48184
0.48591
0.48591
0.48919
0.48919
0.49449
0.49449
0.49553
0.49553
0.49621
0.49621
0.49694
0.49694
0.4984
0.4984
0.50924
0.50924
0.51085
0.51085
0.51232
0.51232
0.51272
0.51564
0.51564
0.51874
0.52591
0.52591
0.52637
0.52637
0.5299
0.5299
0.53059
0.53059
0.53133
0.53133
0.53216
0.53216
0.53673
0.53673
0.54013
0.54013
0.54586
0.54586
0.54679
0.54679
0.54737
0.54737
0.54824
0.54927
0.54927
0.55188
0.55188
0.56526
0.56526
0.56569
0.56569
0.57257
0.57257
0.57542
0.57842
0.57842
0.57924
0.57924
0.58141
0.58141
0.58155
0.58155
0.58528
0.58528
0.59118
0.59118
0.59323
0.59323
0.59947
0.59947
0.59961
0.59961
0.602
0.602
0.60206
0.60206
0.60243
0.60243
0.61534
0.61534
0.61569
0.61569
0.61966
0.61966
0.62046
0.62046
0.62069
0.62069
0.62548
0.62548
0.62599
0.62599
0.62796
0.63251
0.63251
0.63267
0.63267
0.63503
0.63503
0.63945
0.63945
0.6427
0.6427
0.64275
0.64275
0.64282
0.64282
0.64322
0.65126
0.65126
0.65606
0.65606
0.65648
0.65648
0.65666
0.65666
0.65821
0.65821
0.65993
0.65993
0.66181
0.66181
0.66375
0.66375
0.66405
0.6654
0.6654
0.66555
0.66555
0.66699
0.66699
0.66961
0.66961
0.67
0.67
0.67181
0.67181
0.67337
0.67337
0.67388
0.67388
0.67464
0.67591
0.67591
0.68117
0.68117
0.68156
0.68156
0.68263
0.68263
0.68345
0.68345
0.68384
0.68384
0.68562
0.68562
0.69137
0.69137
0.69183
0.69183
0.69472
0.69472
0.69508
0.69508
0.69628
0.69628
0.69634
0.69634
0.69752
0.69752
0.69851
0.69851
0.70039
0.70039
0.70148
0.70148
0.70474
0.70474
0.70795
0.70795
0.70997
0.70997
0.70999
0.70999
0.71001
0.71001
0.71143
0.71143
0.71298
0.71298
0.71371
0.71371
0.71496
0.71496
0.71516
0.71516
0.71835
0.71835
0.72004
0.72004
0.72021
0.72021
0.7207
0.72099
0.72099
0.72139
0.72447
0.72447
0.72628
0.72628
0.72726
0.72726
0.72754
0.72754
0.72784
0.72784
0.72876
0.72876
0.73174
0.73174
0.73177
0.73241
0.73241
0.73256
0.73256
0.73315
0.73315
0.73399
0.73399
0.73426
0.73426
0.73729
0.73729
0.73919
0.73919
0.74226
0.74226
0.74329
0.74351
0.74351
0.74478
0.74478
0.74581
0.74581
0.74862
0.74862
0.74943
0.74943
0.75014
0.75024
0.75024
0.75476
0.75476
0.75588
0.75588
0.75831
0.75831
0.7603
0.7603
0.76355
0.76355
0.7645
0.7645
0.76569
0.76569
0.76848
0.76848
0.76947
0.76947
0.77046
0.77046
0.77108
0.77108
0.77144
0.77144
0.77159
0.77159
0.77177
0.77177
0.77181
0.77181
0.77734
0.77734
0.77862
0.77862
0.77936
0.77936
0.77948
0.77948
0.77975
0.77975
0.7809
0.78189
0.78189
0.78446
0.78446
0.78506
0.78506
0.78513
0.78513
0.78548
0.79015
0.79015
0.79027
0.79027
0.79212
0.79212
0.79254
0.79254
0.79263
0.79263
0.79324
0.79324
0.7946
0.7946
0.79484
0.79484
0.79652
0.79652
0.79995
0.79995
0.80033
0.80033
0.80106
0.80106
0.80143
0.80143
0.80238
0.80238
0.80265
0.80265
0.8049
0.8049
0.80509
0.80509
0.80754
0.80754
0.80755
0.80755
0.80759
0.80759
0.80762
0.80762
0.8091
0.8091
0.80911
0.80911
0.81233
0.81442
0.81442
0.81559
0.81559
0.81683
0.81683
0.8172
0.8172
0.81811
0.81811
0.81854
0.81854
0.82027
0.82027
0.82042
0.82042
0.82063
0.82063
0.82068
0.82068
0.82154
0.82159
0.82176
0.82176
0.82364
0.82364
0.82384
0.82384
0.82409
0.82409
0.82517
0.82519
0.82519
0.82566
0.82566
0.82695
0.82695
0.82738
0.82738
0.82813
0.82813
0.82859
0.82859
0.82941
0.82955
0.82955
0.83114
0.83114
0.83277
0.83277
0.8333
0.8333
0.8351
0.8351
0.83763
0.83763
0.83783
0.83783
0.83827
0.83827
0.83969
0.83969
0.84061
0.84061
0.84098
0.84098
0.841
0.841
0.84243
0.84243
0.8428
0.8428
0.84316
0.84316
0.84323
0.84323
0.84362
0.84362
0.84546
0.84546
0.8461
0.8461
0.84749
0.84749
0.84782
0.84782
0.849
0.849
0.84913
0.84913
0.8492
0.8492
0.84935
0.84935
0.84962
0.84962
0.85078
0.85078
0.85228
0.85232
0.85232
0.85258
0.85258
0.85304
0.85304
0.85313
0.85313
0.85319
0.85319
0.85433
0.85433
0.85477
0.85477
0.85608
0.85608
0.85615
0.85615
0.85745
0.85745
0.85775
0.85775
0.85911
0.85911
0.85911
0.85911
0.85995
0.85995
0.86122
0.86122
0.86163
0.86163
0.86233
0.86233
0.86241
0.86241
0.86248
0.86248
0.86404
0.86532
0.86532
0.86552
0.86552
0.86591
0.86591
0.86652
0.86652
0.86652
0.86652
0.86689
0.86689
0.86698
0.86698
0.8682
0.8682
0.86908
0.86908
0.86915
0.86945
0.86945
0.87006
0.87006
0.87054
0.87054
0.87101
0.8723
0.8723
0.87238
0.87238
0.87249
0.87316
0.87316
0.87355
0.87355
0.87452
0.87452
0.87465
0.87465
0.87471
0.87471
0.87553
0.87572
0.87572
0.87602
0.87602
0.87605
0.87605
0.87702
0.87702
0.87765
0.87765
0.87794
0.87794
0.87815
0.87815
0.87883
0.87883
0.87983
0.87983
0.87989
0.87989
0.88018
0.88018
0.88026
0.88026
0.88065
0.88065
0.88098
0.88098
0.88288
0.88288
0.88407
0.88407
0.88421
0.88421
0.88565
0.88565
0.88592
0.88592
0.88672
0.88672
0.8868
0.8868
0.88707
0.88707
0.88769
0.88769
0.88806
0.88806
0.88822
0.88822
0.88851
0.88851
0.88871
0.88871
0.88885
0.88885
0.88899
0.88899
0.8893
0.8893
0.89004
0.89005
0.89005
0.8902
0.8902
0.8904
0.8904
0.89244
0.89244
0.89276
0.89276
0.89334
0.89334
0.89363
0.89363
0.89585
0.89585
0.89617
0.89617
0.89632
0.89632
0.89644
0.89644
0.89689
0.89689
0.89699
0.89699
0.89742
0.89742
0.89785
0.89785
0.89797
0.89847
0.89847
0.89872
0.89872
0.89949
0.89949
0.89976
0.89976
0.89978
0.89978
0.90087
0.90087
0.90113
0.90113
0.9012
0.9012
0.90127
0.90127
0.90162
0.90162
0.9022
0.9022
0.90232
0.90232
0.90267
0.90277
0.90277
0.90309
0.90309
0.9039
0.9039
0.9041
0.9041
0.90417
0.90417
0.90422
0.90422
0.90457
0.90457
0.90492
0.90492
0.90562
0.90565
0.90565
0.90603
0.90603
0.90604
0.90604
0.90626
0.90626
0.90706
0.90711
0.90711
0.90776
0.90776
0.90833
0.90833
0.90859
0.90859
0.9086
0.9086
0.90876
0.90876
0.9088
0.9088
0.90881
0.90881
0.9093
0.9093
0.91054
0.91054
0.91124
0.91124
0.91146
0.91146
0.91168
0.91168
0.91178
0.91304
0.91304
0.91383
0.91383
0.91419
0.91419
0.91422
0.91422
0.91426
0.91426
0.91437
0.91437
0.91473
0.91473
0.91565
0.91565
0.91572
0.91572
0.91589
0.91589
0.91624
0.91624
0.91658
0.91658
0.91658
0.91658
0.91764
0.91764
0.91768
0.91768
0.91778
0.918
0.918
0.91801
0.91801
0.91838
0.91838
0.91871
0.91933
0.91933
0.91978
0.91978
0.91985
0.91985
0.92014
0.92014
0.92064
0.92064
0.92106
0.92106
0.92128
0.92128
0.9214
0.9214
0.92155
0.92155
0.92159
0.92159
0.92281
0.92281
0.92285
0.92285
0.92304
0.92304
0.92307
0.92307
0.92311
0.92311
0.9237
0.9237
0.92374
0.92374
0.92378
0.92398
0.92398
0.9244
0.9244
0.92491
0.92491
0.92512
0.92512
0.92513
0.92513
0.9256
0.9256
0.9259
0.9259
0.92637
0.92637
0.9266
0.9266
0.92668
0.92668
0.92677
0.92677
0.92685
0.92685
0.92706
0.92706
0.92786
0.92814
0.92814
0.92818
0.92818
0.92832
0.92871
0.92871
0.9292
0.9292
0.92967
0.92967
0.93014
0.93014
0.93016
0.93016
0.93027
0.93027
0.93097
0.93097
0.93118
0.93118
0.93156
0.93156
0.93182
0.93182
0.93222
0.93222
0.93235
0.93235
0.93251
0.93251
0.93323
0.93323
0.93351
0.93351
0.93359
0.93359
0.93395
0.93413
0.93413
0.93427
0.93427
0.9346
0.9346
0.93477
0.93477
0.93498
0.93498
0.93544
0.93544
0.93556
0.93556
0.93564
0.93564
0.93596
0.93596
0.93607
0.93607
0.9361
0.9361
0.93621
0.93621
0.93664
0.93664
0.93677
0.93677
0.93685
0.93685
0.93695
0.93695
0.93759
0.93759
0.93779
0.93779
0.93795
0.93795
0.93841
0.93841
0.93856
0.93856
0.93871
0.93871
0.93875
0.93875
0.93888
0.93888
0.9391
0.9391
0.93912
0.93996
0.93996
0.94002
0.94002
0.94015
0.94015
0.94038
0.94038
0.94063
0.94063
0.94071
0.94073
0.94073
0.94108
0.94108
0.94124
0.94124
0.94161
0.94161
0.9427
0.9427
0.94332
0.94332
0.94346
0.94346
0.94352
0.94367
0.94367
0.94382
0.94382
0.94393
0.94393
0.94403
0.94403
0.94412
0.94412
0.94511
0.94511
0.94518
0.94518
0.94521
0.94521
0.94523
0.94545
0.94545
0.94553
0.94553
0.94564
0.94564
0.94573
0.94579
0.94579
0.94604
0.94604
0.94638
0.94638
0.94678
0.94678
0.94712
0.94712
0.94739
0.94739
0.94748
0.94748
0.94758
0.94758
0.94778
0.94778
0.9483
0.9483
0.94861
0.94861
0.94888
0.94888
0.94894
0.94894
0.94912
0.94912
0.9494
0.9494
0.9496
0.9496
0.94969
0.94969
0.94983
0.94983
0.95011
0.95011
0.95041
0.95041
0.95048
0.95048
0.95062
0.95062
0.95092
0.95092
0.951
0.95178
0.95178
0.9518
0.9518
0.95197
0.95197
0.95208
0.95208
0.95227
0.95227
0.95228
0.95228
0.95257
0.95257
0.95294
0.95294
0.95342
0.95342
0.95344
0.95344
0.95385
0.95385
0.95406
0.95406
0.95465
0.95465
0.95466
0.95466
0.95484
0.95484
0.95486
0.95486
0.955
0.955
0.95513
0.95513
0.9553
0.95545
0.95545
0.95573
0.95573
0.95585
0.95591
0.95591
0.95598
0.95598
0.95622
0.95622
0.95632
0.95632
0.95671
0.95671
0.95677
0.95677
0.95683
0.95683
0.95824
0.95824
0.95835
0.95835
0.95852
0.95852
0.95854
0.95854
0.95865
0.95865
0.95867
0.95867
0.95882
0.95882
0.9593
0.95939
0.95939
0.95954
0.95954
0.95962
0.95962
0.95985
0.95985
0.95997
0.95997
0.96027
0.96027
0.9606
0.96079
0.96085
0.96085
0.96101
0.96101
0.96118
0.96118
0.96122
0.96149
0.96149
0.96172
0.96172
0.9619
0.9619
0.96195
0.96195
0.96198
0.96198
0.9622
0.9622
0.96249
0.96249
0.96299
0.96299
0.96319
0.96319
0.9634
0.9634
0.9634
0.96359
0.96359
0.96379
0.96379
0.96395
0.96395
0.96397
0.96397
0.9645
0.9645
0.96458
0.96458
0.96475
0.96475
0.96498
0.96498
0.96532
0.96532
0.96546
0.96546
0.96556
0.96556
0.96614
0.96614
0.96614
0.96647
0.96647
0.96674
0.96674
0.96677
0.96677
0.96688
0.96688
0.96694
0.96694
0.96712
0.96712
0.96713
0.96713
0.96758
0.96758
0.96838
0.96838
0.96862
0.96862
0.96885
0.96885
0.96887
0.96887
0.96889
0.96889
0.9691
0.9691
0.9691
0.96923
0.96923
0.96949
0.96949
0.96978
0.96978
0.96994
0.96994
0.97006
0.97006
0.97037
0.97037
0.97045
0.97048
0.97048
0.9705
0.9705
0.97058
0.97058
0.97125
0.97125
0.97143
0.9717
0.9717
0.97175
0.97175
0.97194
0.97194
0.97235
0.97235
0.97252
0.97252
0.97272
0.97272
0.9728
0.9728
0.97324
0.97324
0.97355
0.97355
0.9736
0.9736
0.97439
0.97439
0.97442
0.97442
0.97444
0.97444
0.97474
0.97474
0.97478
0.97478
0.97486
0.97486
0.97506
0.97516
0.97516
0.97587
0.97587
0.97587
0.97587
0.9761
0.9761
0.97629
0.97629
0.97635
0.97649
0.97649
0.9766
0.9766
0.9766
0.9766
0.97666
0.97694
0.97694
0.97716
0.97716
0.97742
0.97742
0.97755
0.97755
0.97804
0.9783
0.9783
0.97855
0.97855
0.97867
0.97867
0.97881
0.97881
0.97891
0.97891
0.97941
0.97941
0.97947
0.97947
0.97952
0.97952
0.98006
0.98006
0.98007
0.98007
0.98069
0.98069
0.98077
0.98077
0.98081
0.98081
0.98094
0.98094
0.98181
0.98181
0.98184
0.98184
0.98189
0.98213
0.98213
0.98218
0.98223
0.98223
0.98236
0.98236
0.98251
0.98251
0.98271
0.9828
0.98365
0.98365
0.98372
0.98372
0.98386
0.98386
0.98398
0.98398
0.98448
0.98448
0.98455
0.98455
0.9846
0.9846
0.9847
0.9847
0.98528
0.98528
0.98545
0.98545
0.98555
0.98555
0.98608
0.98608
0.98622
0.98622
0.98626
0.98626
0.98657
0.98657
0.98667
0.98667
0.98688
0.98688
0.98704
0.98752
0.98752
0.98774
0.98774
0.9878
0.9878
0.98822
0.98839
0.98839
0.9887
0.9887
0.98913
0.98913
0.98939
0.98953
0.98953
0.98955
0.98955
0.98974
0.98974
0.99052
0.99052
0.99062
0.99065
0.99065
0.99069
0.99069
0.99086
0.99086
0.99087
0.99087
0.99124
0.99205
0.99205
0.99224
0.99224
0.99236
0.99236
0.99279
0.99284
0.99299
0.99299
0.99322
0.99322
0.99371
0.99371
0.99399
0.99399
0.99404
0.99404
0.99437
0.99437
0.99469
0.99469
0.9947
0.99473
0.99537
0.99537
0.99605
0.99605
0.99611
0.99611
0.9965
0.99668
0.99668
0.99712
0.99712
0.99728
0.99746
0.99783
0.99783
0.99844
0.99844
0.99855
0.99907
0.99933
