0
0
0
0
0
0
0
0
0
0
0
0
0
0
0
0
0
0
0
0
0
0
0
0
0
0
0
0
0
0
0
0
0
0
0
0
0
0
0
0
0
0
0
0
0
0
0
0
0
0
0
0
0
0
0
0
0
0
0
0
0
0
0
0
0
0
0
0
0
0
0
0
0
0
0
0
0
0
0
0
0
0
0
0
0
0
0
0
0
0
0
0
0
0
0
0
0
0
0
0
0
0
0
0
0
0
0
0
0
0
0
0
0
0
0
0
0
0
0
0
0
0
0
0
0
0
0
0
0
0
0
0
0
0
0
0
0
0
0
0
0
0
0
0
0
0
0
0
0
0
0
0
0
0
0
0
0
0
0
0
0
0
0
0
0
0
0
0
0
0
0
0
0
0
0
0
0
0
0
0
0
0
0
0
0
0
0
0
0
0
0
0
0
0
0
0
0
0
0
0
0
0
0
0
0
0
0
0
0
0
0
0
0
0
0
0
0
0
0
0
0
0
0
0
0
0
0
0
0
0
0
0
0
0
0
0
0
0
0
0
0
0
0
0
0
0
0
0
0
0
0
0
0
0
0
0
0
0
0
0
0
0
0
0
0
0
0
0
0
0
0
0
0
0
0
0
0
0
0
0
0
0
0
0
0
0
0
0
0
0
0
0
0
0
0
0
0
0
0
0
0
0
0
0
0
0
0
0
0
0
0
0
0
0
0
0
0
0
0
0
0
0
0
0
0
0
0
0
0
0
0
0
0
0
0
0
0
0
0
0
0
0
0
0
0
0
0
0
0
0
0
0
0
0
0
0
0
0
0
0
0
0
0
0
0
0
0
0
0
0
0
0
0
0
0
0
0
0
0
0
0
0
0
0
0
0
0
0
0
0
0
0
0
0
0
0
0
0
0
0
0
0
0
0
0
0
0
0
0
0
0
0
0
0
0
0
0
0
0
0
0
0
0
0
0
0
0
0
0
0
0
0
0
0
0
0
0
0
0
0
0
0
0
0
0
0
0
0
0
0
0
0
0
0
0
0
0
0
0
0
0
0
0
0
0
0
0
0
0
0
0
0
0
0
0
0
0
0
0
0
0
0
0
0
0
0
0
0
0
0
0
0
0
0
0
0
0
0
0
0
0
0
0
0
0
0
0
0
0
0
0
0
0
0
0
0
0
0
0
0
0
0
0
0
0
0
0
0
0
0
0
0
0
0
0
0
0
0
0
0
0
0
0
0
0
0
0
0
0
0
0
0
0
0
0
0
0
0
0
0
0
0
0
0
0
0
0
0
0
0
0
0
0
0
0
0
0
2.2183e-10
2.2183e-10
3.8079e-10
3.8079e-10
1.1064e-09
1.1064e-09
1.2112e-09
1.2112e-09
1.6477e-09
1.6477e-09
3.4087e-09
3.4087e-09
6.1222e-09
6.1222e-09
8.3194e-09
8.3194e-09
1.0723e-08
1.1477e-08
1.1477e-08
1.226e-08
1.226e-08
1.7212e-08
1.7212e-08
2.0084e-08
2.0084e-08
2.4511e-08
2.4511e-08
2.5295e-08
2.5295e-08
2.7254e-08
2.7254e-08
4.5782e-08
4.5782e-08
4.8145e-08
4.8145e-08
1.1898e-07
1.1898e-07
1.4365e-07
1.4365e-07
1.4845e-07
1.4845e-07
2.1551e-07
2.1551e-07
3.9924e-07
3.9924e-07
4.7069e-07
4.7069e-07
5.3052e-07
5.3052e-07
1.0554e-06
1.0554e-06
1.225e-06
1.225e-06
1.3043e-06
1.3043e-06
1.397e-06
1.397e-06
1.4243e-06
1.4243e-06
1.5163e-06
1.5163e-06
1.9983e-06
1.9983e-06
2.3282e-06
2.3282e-06
2.7693e-06
2.7693e-06
3.6409e-06
3.6409e-06
3.6823e-06
5.2051e-06
5.2051e-06
8.1726e-06
8.1726e-06
1.4287e-05
1.4287e-05
1.5107e-05
1.5107e-05
1.8822e-05
1.8822e-05
2.1607e-05
2.1607e-05
3.1371e-05
3.1371e-05
3.6188e-05
3.6188e-05
4.2584e-05
4.2584e-05
5.5656e-05
5.5656e-05
6.3291e-05
6.3291e-05
6.7948e-05
6.7948e-05
7.8477e-05
7.8477e-05
8.7052e-05
8.7052e-05
8.7653e-05
8.7653e-05
9.9852e-05
9.9852e-05
0.00010218
0.00010218
0.00012044
0.00012044
0.00012297
0.00012297
0.00012311
0.00012311
0.00012848
0.00012848
0.00013223
0.00013223
0.00013307
0.00014623
0.00014623
0.00018495
0.00018495
0.00021413
0.00021413
0.00025568
0.000266
0.00029956
0.00029956
0.00032438
0.00032438
0.00038686
0.00038686
0.00040072
0.00040072
0.00041169
0.00041169
0.00044202
0.00044202
0.0004562
0.0004562
0.000522
0.00053774
0.00053774
0.000603
0.000603
0.00068167
0.00068167
0.0007256
0.0007256
0.00074051
0.00074051
0.00080226
0.00080226
0.00094073
0.00094073
0.000955
0.00097161
0.00097161
0.0010077
0.0010077
0.001071
0.001071
0.0011507
0.0011507
0.001152
0.001152
0.001271
0.0013548
0.0013548
0.0014153
0.0014153
0.0014155
0.0014155
0.001424
0.001424
0.001665
0.001665
0.0018
0.00189
0.002005
0.002005
0.002005
0.002005
0.0022015
0.0022015
0.0022157
0.0022157
0.0022397
0.0022397
0.0023048
0.0023048
0.002369
0.002369
0.002462
0.002462
0.002638
0.002638
0.0026404
0.0026404
0.0026558
0.0026558
0.002689
0.002689
0.002693
0.002693
0.0027926
0.0027926
0.0030028
0.0030028
0.003023
0.003058
0.003058
0.003135
0.003135
0.003175
0.003175
0.0034069
0.0034069
0.003457
0.003482
0.003482
0.003659
0.003659
0.003684
0.003684
0.003696
0.003696
0.0037461
0.0037461
0.003909
0.003909
0.004078
0.004078
0.0040855
0.0040855
0.004087
0.004287
0.004287
0.004334
0.004369
0.004369
0.0043692
0.0043692
0.004445
0.004445
0.00445
0.00445
0.00448
0.004509
0.004509
0.0047212
0.0047212
0.004781
0.004781
0.004849
0.004849
0.00508
0.00508
0.005085
0.005085
0.005307
0.005307
0.005359
0.005359
0.005414
0.0054978
0.005608
0.005608
0.005678
0.005678
0.005725
0.005761
0.005761
0.005831
0.005831
0.005831
0.005941
0.005941
0.0061724
0.0061724
0.006196
0.006196
0.006203
0.006203
0.00628
0.00628
0.006465
0.006465
0.006544
0.006544
0.006675
0.006675
0.006688
0.006688
0.006862
0.006862
0.006916
0.006916
0.006931
0.006931
0.007232
0.007232
0.007384
0.007384
0.007455
0.007455
0.007497
0.007557
0.007651
0.007675
0.007675
0.007721
0.007721
0.007726
0.007726
0.007842
0.007842
0.007895
0.007895
0.008034
0.008034
0.008123
0.008123
0.008429
0.008429
0.008576
0.008576
0.0085832
0.0085832
0.008664
0.008664
0.008712
0.008712
0.008828
0.008828
0.008931
0.008931
0.008932
0.008932
0.00897
0.00897
0.0090467
0.0090467
0.009143
0.009143
0.009204
0.009204
0.009322
0.009322
0.009356
0.009356
0.009442
0.009442
0.009474
0.009474
0.009629
0.009629
0.009655
0.009792
0.009792
0.010127
0.010127
0.010211
0.010215
0.010215
0.010216
0.010216
0.010262
0.010262
0.01041
0.01041
0.010751
0.010751
0.010945
0.010945
0.010968
0.010968
0.010974
0.010974
0.011019
0.011019
0.011038
0.011038
0.011277
0.011277
0.011373
0.011404
0.011404
0.011501
0.011501
0.011628
0.011628
0.011708
0.011708
0.011756
0.011756
0.011906
0.011906
0.01193
0.01193
0.01209
0.01209
0.012128
0.012128
0.012152
0.012152
0.012406
0.012579
0.012579
0.01258
0.012936
0.012936
0.013007
0.013007
0.013008
0.013008
0.013092
0.013092
0.013119
0.013119
0.013258
0.013268
0.013268
0.013401
0.013401
0.013482
0.013482
0.01352
0.01352
0.013589
0.013589
0.013665
0.013665
0.013713
0.013713
0.013732
0.013732
0.013923
0.013923
0.014098
0.014098
0.014182
0.014182
0.014184
0.014184
0.01436
0.01436
0.014455
0.014455
0.014591
0.014591
0.014676
0.014676
0.014782
0.014782
0.015
0.015
0.015152
0.015152
0.015265
0.015265
0.015459
0.015459
0.015472
0.015472
0.01567
0.01567
0.015686
0.015686
0.015761
0.015769
0.015769
0.015965
0.015965
0.016018
0.016018
0.016148
0.016148
0.016189
0.0162
0.0162
0.016349
0.016349
0.016432
0.016432
0.016705
0.016705
0.016705
0.016705
0.01679
0.01679
0.017003
0.017003
0.017115
0.017115
0.017211
0.017211
0.017273
0.017338
0.017338
0.017342
0.017342
0.017527
0.017527
0.017572
0.017572
0.018271
0.018271
0.018313
0.018313
0.018519
0.018519
0.018531
0.018531
0.018696
0.018696
0.018697
0.018697
0.018801
0.018801
0.019124
0.019124
0.019223
0.019223
0.019446
0.019446
0.019455
0.019455
0.019544
0.019544
0.019851
0.019851
0.020013
0.020013
0.020192
0.020192
0.02024
0.02024
0.020262
0.020262
0.020726
0.020726
0.020737
0.020737
0.020751
0.020751
0.02083
0.02083
0.020874
0.020874
0.02091
0.021204
0.021204
0.021221
0.021221
0.021287
0.021336
0.021336
0.021647
0.021647
0.021707
0.021707
0.021954
0.022087
0.022087
0.022267
0.022267
0.022298
0.022298
0.022363
0.022363
0.02246
0.02246
0.022667
0.022667
0.022714
0.022714
0.023092
0.023092
0.02314
0.023392
0.023392
0.023564
0.023564
0.02364
0.02364
0.023676
0.023676
0.023679
0.023679
0.02407
0.02407
0.02491
0.02491
0.024968
0.024968
0.024989
0.024989
0.025028
0.025028
0.025073
0.025073
0.025086
0.025086
0.025346
0.025346
0.025371
0.025371
0.025846
0.025846
0.026123
0.026123
0.026188
0.026188
0.026189
0.026189
0.026493
0.026493
0.027105
0.027105
0.027201
0.027201
0.027296
0.027296
0.027318
0.027318
0.027443
0.027443
0.027525
0.027639
0.027639
0.027664
0.027664
0.028037
0.028037
0.028056
0.028056
0.028074
0.028074
0.028281
0.028281
0.028641
0.028641
0.029009
0.029009
0.029048
0.029048
0.029418
0.029418
0.029661
0.029661
0.029802
0.029802
0.029832
0.029832
0.030633
0.030633
0.030701
0.030701
0.030721
0.030736
0.030736
0.030876
0.030876
0.031283
0.03158
0.031665
0.031665
0.031872
0.031872
0.03203
0.03203
0.032053
0.032142
0.032142
0.032146
0.032146
0.032729
0.032729
0.032755
0.032755
0.033228
0.033228
0.033569
0.033569
0.034526
0.034526
0.034528
0.034528
0.034565
0.034565
0.034613
0.034613
0.034886
0.034886
0.03508
0.03508
0.035223
0.035223
0.035333
0.035333
0.035714
0.035714
0.035749
0.035749
0.03612
0.03612
0.036775
0.036775
0.036986
0.036986
0.03738
0.03738
0.0379
0.038076
0.038076
0.038454
0.038454
0.038798
0.038798
0.038836
0.038836
0.039053
0.039053
0.039219
0.039219
0.03951
0.03951
0.039597
0.039597
0.039708
0.039708
0.03978
0.03978
0.039881
0.039881
0.0399
0.0399
0.040844
0.040844
0.041073
0.041073
0.041163
0.041163
0.041512
0.04168
0.04168
0.04224
0.04224
0.042523
0.042523
0.042542
0.042542
0.043197
0.043197
0.043305
0.043305
0.043416
0.043416
0.043418
0.043418
0.043859
0.043859
0.044258
0.044258
0.044814
0.044814
0.044912
0.044912
0.045571
0.045571
0.045702
0.045702
0.045915
0.045915
0.045957
0.045957
0.046405
0.046405
0.046884
0.046884
0.047132
0.047132
0.04718
0.04718
0.047699
0.047785
0.047785
0.048101
0.048101
0.048206
0.048206
0.048244
0.048244
0.048245
0.049199
0.049199
0.049319
0.049319
0.049333
0.049333
0.049438
0.049438
0.049439
0.049439
0.049658
0.049658
0.04988
0.04988
0.050322
0.050322
0.050348
0.050348
0.051011
0.051011
0.051549
0.051549
0.051583
0.051583
0.052165
0.052165
0.053254
0.053254
0.053558
0.053558
0.053884
0.053884
0.053988
0.053988
0.054097
0.054097
0.054255
0.054255
0.054731
0.054731
0.055112
0.055112
0.055182
0.055241
0.055241
0.055368
0.056411
0.056411
0.056437
0.056437
0.056636
0.056636
0.056782
0.056782
0.056926
0.056926
0.057726
0.057726
0.059849
0.059849
0.060465
0.060465
0.060992
0.060992
0.061247
0.061247
0.061248
0.061248
0.06137
0.06137
0.062349
0.062349
0.062799
0.062799
0.063108
0.063108
0.06341
0.06341
0.063851
0.063851
0.064561
0.064561
0.064645
0.064645
0.065356
0.065356
0.065504
0.065504
0.066082
0.066082
0.066256
0.066335
0.066335
0.066776
0.066776
0.066953
0.066953
0.067406
0.067406
0.067593
0.067593
0.067708
0.067708
0.067915
0.067915
0.068247
0.068247
0.068395
0.068395
0.068966
0.068966
0.069832
0.069832
0.070513
0.070513
0.070634
0.070634
0.072411
0.072411
0.07292
0.07292
0.074894
0.074894
0.074942
0.074942
0.075126
0.075126
0.075797
0.075797
0.076037
0.076429
0.076855
0.077179
0.077179
0.077498
0.077895
0.077895
0.078064
0.078064
0.078206
0.078206
0.078983
0.078983
0.079037
0.079037
0.079151
0.079151
0.079507
0.079507
0.080575
0.080575
0.080587
0.080587
0.081081
0.081081
0.081378
0.081378
0.081433
0.081433
0.081441
0.081441
0.081638
0.081638
0.081951
0.081951
0.082304
0.082304
0.082434
0.082434
0.084842
0.084842
0.085469
0.086032
0.086032
0.087795
0.087795
0.088286
0.088286
0.088335
0.088335
0.088448
0.088448
0.088734
0.088734
0.088776
0.088776
0.091353
0.091353
0.091412
0.091412
0.092237
0.092237
0.093247
0.093247
0.094041
0.094041
0.095562
0.095562
0.095603
0.095603
0.096561
0.096825
0.096825
0.097535
0.097535
0.098368
0.098368
0.098744
0.098744
0.099065
0.099065
0.099142
0.099142
0.099436
0.099436
0.10031
0.10031
0.10078
0.10078
0.10136
0.10136
0.10167
0.10167
0.10309
0.10309
0.10373
0.10373
0.10389
0.10389
0.10579
0.10579
0.10737
0.10737
0.10846
0.10846
0.1087
0.1087
0.10896
0.10896
0.11062
0.11062
0.11265
0.11265
0.11414
0.11414
0.11426
0.11426
0.1146
0.1146
0.11509
0.11509
0.11528
0.11528
0.11548
0.11548
0.11626
0.11626
0.11791
0.11791
0.11823
0.11823
0.11825
0.11825
0.12015
0.12097
0.12097
0.12101
0.12101
0.12443
0.12443
0.1245
0.1245
0.12456
0.12456
0.12516
0.12516
0.12586
0.12676
0.12676
0.12838
0.12954
0.12954
0.1302
0.1302
0.13115
0.13115
0.13196
0.13196
0.13489
0.13489
0.13528
0.13528
0.13542
0.13542
0.13747
0.13747
0.13774
0.13774
0.13817
0.13817
0.13905
0.13905
0.13924
0.13988
0.13988
0.14092
0.14092
0.1421
0.1421
0.14266
0.14266
0.14399
0.14399
0.14562
0.14562
0.14592
0.14592
0.14731
0.14731
0.14799
0.14799
0.14824
0.14824
0.15041
0.15041
0.15145
0.15145
0.15156
0.15156
0.15331
0.15331
0.15354
0.15354
0.15483
0.1559
0.1559
0.1569
0.1569
0.15804
0.15936
0.15936
0.15974
0.15974
0.16173
0.16173
0.16258
0.16258
0.16269
0.16269
0.16404
0.16404
0.16487
0.16487
0.16634
0.16634
0.16756
0.16756
0.16757
0.16757
0.16757
0.16757
0.16764
0.16847
0.16847
0.16881
0.16881
0.17093
0.17093
0.17311
0.17311
0.1743
0.1743
0.17566
0.17566
0.17566
0.17566
0.17649
0.17649
0.18123
0.18123
0.18146
0.18146
0.18172
0.18172
0.18341
0.18341
0.18369
0.18436
0.18436
0.1845
0.1845
0.18878
0.18878
0.18882
0.18882
0.18906
0.18906
0.19134
0.19134
0.1914
0.1914
0.19203
0.19203
0.19288
0.19288
0.19318
0.19318
0.19416
0.19416
0.19564
0.19564
0.1968
0.19785
0.2001
0.2001
0.20145
0.20157
0.20157
0.20189
0.20189
0.20224
0.20224
0.20466
0.20466
0.20657
0.20657
0.20854
0.20854
0.20976
0.20976
0.2099
0.2099
0.21052
0.21052
0.21115
0.21115
0.21164
0.21164
0.21739
0.21739
0.21869
0.21869
0.219
0.219
0.2204
0.2204
0.22068
0.22068
0.22599
0.2273
0.2273
0.22993
0.22993
0.23076
0.23076
0.23103
0.23103
0.23112
0.23112
0.23614
0.23614
0.23708
0.23708
0.23745
0.23745
0.23813
0.23813
0.23898
0.23898
0.23914
0.23914
0.24037
0.24037
0.24038
0.24038
0.24302
0.24302
0.24611
0.24759
0.24759
0.25425
0.25425
0.2544
0.2544
0.25639
0.25639
0.25959
0.25959
0.26251
0.26251
0.26491
0.26491
0.26659
0.26659
0.26971
0.26971
0.26972
0.26972
0.27292
0.27292
0.27384
0.27384
0.27389
0.27389
0.27491
0.27491
0.27492
0.27492
0.27693
0.27797
0.27797
0.28124
0.28124
0.28305
0.28305
0.28377
0.28377
0.28403
0.28403
0.2873
0.2873
0.28765
0.28765
0.28851
0.28851
0.2896
0.2896
0.29023
0.29023
0.29326
0.29358
0.29358
0.29426
0.29426
0.29436
0.29436
0.29605
0.29605
0.3067
0.3067
0.30825
0.30825
0.30837
0.30845
0.30845
0.30969
0.30969
0.31434
0.31434
0.31533
0.31533
0.31707
0.31707
0.31723
0.31723
0.31835
0.31835
0.31861
0.31861
0.32261
0.32261
0.32264
0.32264
0.3228
0.3228
0.32317
0.32317
0.32586
0.32586
0.32831
0.32831
0.33117
0.33117
0.33165
0.33165
0.3322
0.3322
0.33268
0.33268
0.33615
0.33615
0.33702
0.33702
0.3382
0.3382
0.33957
0.33975
0.34186
0.34186
0.34623
0.34623
0.34695
0.34695
0.34893
0.34893
0.34972
0.34972
0.35059
0.35059
0.35091
0.35091
0.35353
0.35353
0.3571
0.3571
0.35739
0.35739
0.3576
0.3576
0.36263
0.36263
0.36501
0.36501
0.36556
0.36556
0.36976
0.36976
0.37199
0.37199
0.37217
0.37217
0.37477
0.37477
0.38321
0.38321
0.38583
0.38583
0.38816
0.38816
0.39157
0.39157
0.39182
0.39182
0.39331
0.39331
0.39347
0.39347
0.39737
0.39737
0.39785
0.39785
0.40406
0.40406
0.40427
0.40427
0.40973
0.40973
0.41326
0.41326
0.41917
0.41917
0.4232
0.4232
0.4244
0.4244
0.42707
0.42707
0.42849
0.42849
0.42991
0.42991
0.43196
0.43196
0.43401
0.43401
0.43525
0.43525
0.4388
0.4388
0.4393
0.4393
0.44091
0.44091
0.44533
0.44533
0.44565
0.44565
0.44642
0.44642
0.44697
0.44697
0.44749
0.44749
0.44805
0.44805
0.45003
0.45011
0.45011
0.45596
0.45596
0.45864
0.45864
0.45981
0.45981
0.45986
0.45986
0.46131
0.46131
0.46212
0.46212
0.46278
0.46278
0.4671
0.4671
0.47252
0.47479
0.47479
0.47777
0.47777
0.47826
0.47826
0.4792
0.4792
0.48184
0.4845
0.4845
0.48907
0.48907
0.49084
0.49084
0.49133
0.49133
0.49419
0.49419
0.49545
0.49545
0.49607
0.49607
0.49621
0.49621
0.49668
0.49668
0.49694
0.49694
0.4984
0.4984
0.50188
0.50188
0.50924
0.50924
0.51017
0.51017
0.51062
0.51062
0.51188
0.51188
0.51272
0.513
0.513
0.51874
0.52204
0.52204
0.52438
0.52438
0.5246
0.5255
0.5255
0.52596
0.52596
0.52637
0.52637
0.52764
0.52764
0.52805
0.52805
0.52986
0.52986
0.53059
0.53059
0.53216
0.53216
0.53558
0.53558
0.54012
0.54012
0.5415
0.5415
0.54574
0.54574
0.54586
0.54586
0.54639
0.54639
0.54711
0.54711
0.54727
0.54727
0.54808
0.54824
0.55182
0.55182
0.55212
0.55212
0.55796
0.55796
0.56475
0.56475
0.56526
0.56526
0.5695
0.5695
0.57257
0.57257
0.57455
0.57455
0.57491
0.57491
0.57517
0.57658
0.57658
0.57766
0.57766
0.57797
0.57797
0.57924
0.57924
0.57931
0.57931
0.58051
0.58051
0.58104
0.58104
0.5827
0.5827
0.58493
0.58493
0.58528
0.58528
0.58929
0.58929
0.58976
0.58976
0.59043
0.59043
0.59284
0.59284
0.59323
0.59323
0.59481
0.59481
0.59557
0.59557
0.5974
0.5974
0.59758
0.59758
0.59763
0.59763
0.59835
0.59835
0.59947
0.59947
0.60201
0.60201
0.60234
0.60234
0.60577
0.60577
0.60997
0.60997
0.61038
0.61038
0.61081
0.61081
0.61096
0.61096
0.612
0.612
0.61243
0.61243
0.61275
0.61275
0.61381
0.61381
0.61437
0.61437
0.61451
0.61451
0.61686
0.61686
0.61899
0.61899
0.62046
0.62046
0.62246
0.62469
0.62469
0.6253
0.6253
0.62743
0.6285
0.6285
0.63026
0.63026
0.63163
0.63163
0.63267
0.63267
0.63337
0.63337
0.63365
0.63365
0.63501
0.63501
0.63508
0.63508
0.63624
0.63624
0.63749
0.63755
0.63755
0.63781
0.63781
0.63958
0.63958
0.63972
0.63972
0.64004
0.64004
0.64017
0.64017
0.64083
0.64083
0.64127
0.64127
0.64275
0.64275
0.64385
0.64458
0.64458
0.64838
0.64838
0.64859
0.64859
0.64946
0.64946
0.65076
0.65076
0.65095
0.65095
0.65255
0.65255
0.65263
0.65263
0.65403
0.65403
0.65479
0.65479
0.65531
0.65531
0.65666
0.65666
0.66044
0.66044
0.66075
0.66075
0.66252
0.66252
0.66405
0.66523
0.66523
0.66531
0.66531
0.67
0.67
0.67039
0.67039
0.67451
0.6761
0.6761
0.68169
0.68169
0.68209
0.68209
0.68342
0.68342
0.68663
0.68663
0.69628
0.69628
0.69752
0.69752
0.6994
0.6994
0.70976
0.70976
0.71001
0.71001
0.71371
0.71371
0.71738
0.71738
0.72784
0.72784
0.74478
0.74478
0.75014
0.75024
0.75024
0.76569
0.76569
0.77181
0.77181
0.78189
0.78189
0.79263
0.79263
0.80755
0.80755
0.80759
0.80759
0.81233
0.82813
0.82813
0.83783
0.83783
0.84362
0.84362
0.85911
0.85911
0.86404
0.87602
0.87602
0.8868
0.8868
0.90604
0.90604
0.91178
0.93427
0.93427
0.96122
