0.00054462
0.00054462
0.00054648
0.00054648
0.00057362
0.00057362
0.00059266
0.00059266
0.00062486
0.00062486
0.00069103
0.00069103
0.00070848
0.00070848
0.00076456
0.00076456
0.00083738
0.00083738
0.00090162
0.00090162
0.0009446
0.0009446
0.0014028
0.0014028
0.002277
0.002277
0.00389
0.00389
0.0066548
0.0066548
0.010896
0.010896
0.012056
0.012056
0.012128
0.012128
0.012323
0.012323
0.012643
0.012643
0.012837
0.012837
0.013511
0.013511
0.013721
0.013721
0.014268
0.014268
0.015031
0.015031
0.015496
0.015496
0.015734
0.015734
0.016324
0.016324
0.016557
0.016557
0.018099
0.018099
0.021604
0.021604
0.02277
0.02277
0.025953
0.025953
0.026492
0.02726
0.02726
0.030806
0.030806
0.035327
0.035327
0.035994
0.037883
0.037883
0.039831
0.039831
0.040119
0.040119
0.040133
0.040133
0.040902
0.040902
0.041084
0.041084
0.042066
0.042066
0.04234
0.04234
0.042405
0.042405
0.042593
0.042593
0.042674
0.042674
0.042679
0.042679
0.043068
0.043068
0.043293
0.043293
0.043489
0.043489
0.043497
0.043497
0.043909
0.043909
0.04459
0.04459
0.044786
0.044786
0.045051
0.045051
0.04641
0.046634
0.046634
0.046658
0.046658
0.047105
0.047105
0.048131
0.048131
0.049009
0.049009
0.049378
0.049378
0.049452
0.049452
0.049692
0.049692
0.050521
0.050521
0.053918
0.053918
0.057553
0.059589
0.059589
0.06159
0.06159
0.063321
0.063321
0.063978
0.063978
0.064312
0.064312
0.064754
0.064754
0.065521
0.065521
0.066696
0.066696
0.066992
0.066992
0.068276
0.068276
0.069545
0.070201
0.070201
0.072382
0.072382
0.074646
0.074646
0.074709
0.074709
0.076442
0.076442
0.077066
0.077066
0.078181
0.078181
0.079337
0.079337
0.08097
0.08097
0.081409
0.081409
0.082738
0.083185
0.083185
0.08351
0.08351
0.084583
0.084583
0.086083
0.086083
0.08823
0.08823
0.088826
0.088826
0.0889
0.0889
0.091779
0.091779
0.093991
0.093991
0.094917
0.094917
0.097433
0.098174
0.098174
0.098551
0.098551
0.10146
0.10146
0.10245
0.10245
0.1029
0.1029
0.10465
0.10465
0.10466
0.10466
0.10722
0.10722
0.10765
0.10765
0.10969
0.10969
0.10973
0.10973
0.10983
0.10983
0.11
0.11
0.11033
0.11033
0.11054
0.11054
0.11056
0.11056
0.11056
0.11056
0.11093
0.11093
0.11112
0.11112
0.11113
0.11113
0.11147
0.11147
0.11159
0.11159
0.11159
0.11159
0.1124
0.1124
0.11241
0.11241
0.11258
0.11258
0.11283
0.11283
0.11329
0.11329
0.11385
0.11414
0.11414
0.11431
0.11431
0.11455
0.11455
0.11474
0.11474
0.1149
0.1149
0.11599
0.11599
0.11722
0.11722
0.11732
0.11732
0.11774
0.11774
0.11831
0.11831
0.1204
0.1204
0.12072
0.12072
0.12213
0.12213
0.12214
0.12214
0.12311
0.12311
0.12471
0.12471
0.1251
0.1251
0.1278
0.1278
0.12883
0.12883
0.12891
0.12891
0.1299
0.1299
0.13068
0.13068
0.13136
0.13201
0.13201
0.13214
0.13263
0.13263
0.13463
0.13463
0.13475
0.13475
0.13599
0.13599
0.13735
0.13735
0.13768
0.13768
0.13878
0.13878
0.14025
0.14025
0.14089
0.14089
0.14152
0.14152
0.1427
0.1427
0.1446
0.1446
0.14567
0.14567
0.14641
0.14641
0.15051
0.15051
0.15078
0.15078
0.15081
0.15081
0.15169
0.15169
0.15247
0.15495
0.15552
0.15552
0.15671
0.15671
0.15723
0.15723
0.15842
0.15842
0.15844
0.15844
0.15859
0.15859
0.15892
0.15892
0.1591
0.1591
0.15924
0.15924
0.15965
0.15965
0.15981
0.15981
0.16048
0.16048
0.16098
0.16098
0.16232
0.16232
0.16261
0.16261
0.16299
0.16299
0.16307
0.16307
0.16371
0.16371
0.16388
0.16388
0.16394
0.16394
0.16428
0.16428
0.16493
0.16493
0.16507
0.16507
0.16522
0.16522
0.16543
0.16543
0.16562
0.16562
0.16594
0.16594
0.16631
0.16631
0.16737
0.16737
0.16737
0.16737
0.16774
0.16774
0.16867
0.16867
0.1693
0.1693
0.1703
0.17053
0.17053
0.17148
0.17148
0.1717
0.1717
0.17182
0.17182
0.17319
0.17319
0.17321
0.17321
0.17504
0.17506
0.17506
0.176
0.176
0.1772
0.1772
0.17914
0.17914
0.18224
0.18224
0.18302
0.18319
0.18319
0.18395
0.18395
0.18423
0.18423
0.18638
0.18638
0.18654
0.18654
0.18678
0.18678
0.18703
0.18703
0.18838
0.18838
0.18864
0.18864
0.18864
0.18864
0.1888
0.1888
0.18931
0.18931
0.18946
0.18946
0.19024
0.19024
0.19052
0.19052
0.19145
0.19145
0.19156
0.19156
0.1929
0.1929
0.19322
0.19322
0.19432
0.19432
0.19439
0.19439
0.19447
0.19447
0.19474
0.19474
0.19478
0.19478
0.19513
0.19513
0.1952
0.1952
0.19545
0.19545
0.1956
0.19663
0.19663
0.19719
0.19719
0.19828
0.19828
0.1983
0.1983
0.19833
0.19833
0.19837
0.19837
0.1993
0.1993
0.2001
0.20074
0.20074
0.2008
0.2008
0.20136
0.20136
0.20228
0.20228
0.20328
0.20328
0.20405
0.20405
0.20416
0.20416
0.2044
0.2044
0.20466
0.20466
0.20498
0.20498
0.20638
0.20638
0.20681
0.20681
0.20693
0.20693
0.20711
0.20711
0.2076
0.2076
0.2078
0.2078
0.20826
0.20826
0.20841
0.20841
0.20917
0.20919
0.20919
0.20942
0.20942
0.20957
0.20957
0.20961
0.20961
0.21117
0.21117
0.21126
0.21126
0.2116
0.2116
0.21314
0.21314
0.21325
0.21325
0.21342
0.21342
0.21355
0.21355
0.21417
0.21417
0.21544
0.21544
0.2162
0.2162
0.21693
0.21693
0.21939
0.21939
0.21946
0.21946
0.21971
0.21971
0.21985
0.21985
0.22
0.22
0.22052
0.22052
0.22055
0.22055
0.22063
0.22115
0.22115
0.22289
0.22289
0.22407
0.22407
0.22427
0.22509
0.22509
0.22596
0.22596
0.22621
0.22621
0.22668
0.22668
0.22762
0.22762
0.22812
0.22897
0.22897
0.2294
0.2294
0.22946
0.22946
0.231
0.231
0.23168
0.23168
0.23182
0.23182
0.23276
0.23276
0.23363
0.23363
0.23364
0.23364
0.23442
0.23442
0.23608
0.23608
0.23611
0.23611
0.23667
0.23667
0.23727
0.23727
0.2379
0.2379
0.23829
0.23829
0.23848
0.23848
0.23892
0.23892
0.24077
0.24077
0.24123
0.24219
0.24219
0.24226
0.24226
0.2425
0.2425
0.24294
0.24294
0.24305
0.24305
0.2436
0.2436
0.24366
0.24366
0.24389
0.24389
0.24395
0.24395
0.244
0.244
0.24417
0.24417
0.24447
0.24447
0.24452
0.24452
0.2446
0.2446
0.24462
0.24462
0.24518
0.24518
0.24522
0.24522
0.24588
0.24588
0.24591
0.24591
0.24647
0.24647
0.24667
0.24667
0.24695
0.24695
0.24774
0.24774
0.2492
0.2492
0.24945
0.24954
0.24954
0.24981
0.24981
0.25025
0.25025
0.25041
0.25041
0.25045
0.25045
0.25046
0.25046
0.25049
0.25049
0.25067
0.25067
0.25068
0.25068
0.2507
0.2507
0.25092
0.25092
0.25121
0.25121
0.25123
0.25123
0.25206
0.25206
0.25213
0.25213
0.25341
0.25341
0.25346
0.25346
0.25405
0.25405
0.25472
0.25472
0.25531
0.25531
0.25566
0.25566
0.25624
0.25624
0.25692
0.25692
0.25713
0.25713
0.25763
0.25763
0.25777
0.25777
0.25782
0.25782
0.25849
0.25849
0.25979
0.26011
0.26011
0.26028
0.26094
0.26094
0.26112
0.26112
0.26188
0.26188
0.26199
0.26199
0.26246
0.26246
0.26283
0.26283
0.26427
0.26475
0.26475
0.26478
0.26478
0.26496
0.26496
0.26549
0.26549
0.26559
0.26559
0.26606
0.26606
0.2667
0.2667
0.26709
0.26709
0.26762
0.26762
0.2693
0.2693
0.26994
0.26994
0.27009
0.27009
0.27203
0.27203
0.2723
0.2723
0.27294
0.27294
0.27308
0.27308
0.2734
0.2734
0.27588
0.27598
0.27598
0.27648
0.27648
0.27654
0.27654
0.27674
0.27674
0.27679
0.27679
0.27697
0.27697
0.27747
0.27747
0.2777
0.2777
0.27828
0.27828
0.27841
0.27841
0.27868
0.27868
0.2793
0.2793
0.27939
0.27939
0.27948
0.27948
0.27982
0.27982
0.27996
0.27996
0.28021
0.28021
0.28048
0.28048
0.28056
0.28056
0.28106
0.28106
0.28166
0.28233
0.28233
0.28244
0.28244
0.2831
0.2831
0.28315
0.28315
0.28358
0.28358
0.28473
0.28473
0.28573
0.28587
0.28587
0.2862
0.2862
0.28722
0.2873
0.2873
0.28742
0.28742
0.2886
0.2886
0.28932
0.28932
0.29044
0.29044
0.2911
0.2911
0.29141
0.29141
0.29166
0.29166
0.29246
0.29246
0.29256
0.29256
0.29261
0.29261
0.2928
0.2928
0.29305
0.29305
0.29363
0.29363
0.29383
0.29383
0.294
0.294
0.29415
0.29415
0.29426
0.29426
0.29499
0.29499
0.29595
0.29595
0.29626
0.29662
0.29662
0.29725
0.29725
0.29749
0.29749
0.29768
0.29768
0.2985
0.2985
0.2987
0.2987
0.2988
0.2988
0.29944
0.29969
0.29969
0.29972
0.29972
0.29986
0.29986
0.29994
0.29994
0.29997
0.29997
0.3004
0.3004
0.30044
0.30044
0.30054
0.30054
0.30065
0.30065
0.30096
0.30096
0.30139
0.30139
0.30156
0.30156
0.30161
0.30161
0.30252
0.30252
0.30308
0.30308
0.30312
0.30312
0.30362
0.30362
0.30495
0.30495
0.30503
0.30503
0.30516
0.30516
0.30517
0.30517
0.30567
0.30615
0.30615
0.30668
0.30668
0.30706
0.30706
0.30786
0.30786
0.30916
0.30916
0.30919
0.30919
0.30933
0.30933
0.30958
0.30958
0.30989
0.30989
0.31017
0.31017
0.31122
0.31122
0.31125
0.31125
0.31208
0.31208
0.31273
0.31273
0.31313
0.31326
0.31326
0.31421
0.31421
0.31451
0.31451
0.31459
0.31496
0.31496
0.31511
0.31511
0.31522
0.31522
0.31588
0.31588
0.31595
0.31595
0.31609
0.31609
0.31661
0.31661
0.31667
0.31667
0.31674
0.31674
0.31706
0.31706
0.31827
0.31827
0.31859
0.31859
0.31907
0.31907
0.31972
0.31972
0.31977
0.31977
0.32027
0.32027
0.32141
0.32141
0.32219
0.32219
0.32248
0.32248
0.32441
0.32441
0.32456
0.32456
0.32537
0.32537
0.32551
0.32551
0.32587
0.32587
0.32622
0.32622
0.32625
0.32625
0.32646
0.32646
0.327
0.327
0.32789
0.32789
0.3286
0.3286
0.32861
0.32861
0.32868
0.32886
0.32899
0.32899
0.32919
0.32919
0.32989
0.32989
0.33066
0.33066
0.33072
0.33072
0.33097
0.33097
0.331
0.331
0.33184
0.33184
0.3327
0.33309
0.3333
0.3333
0.33352
0.33352
0.33417
0.33417
0.3344
0.3344
0.33442
0.33442
0.33461
0.33461
0.33469
0.33469
0.3348
0.3348
0.33504
0.33504
0.33524
0.33524
0.33558
0.33558
0.33566
0.33566
0.33597
0.33597
0.33597
0.33597
0.33629
0.33629
0.33653
0.33653
0.33655
0.33655
0.33676
0.33676
0.33684
0.33684
0.33763
0.33763
0.33779
0.33779
0.33812
0.33812
0.33831
0.33831
0.33878
0.33878
0.33942
0.33991
0.33994
0.33994
0.34002
0.34002
0.34009
0.34009
0.34046
0.34046
0.34099
0.34099
0.34139
0.34139
0.34142
0.34142
0.34162
0.34162
0.34168
0.34168
0.34184
0.34184
0.34213
0.34213
0.34218
0.34218
0.34224
0.34224
0.34284
0.34284
0.34295
0.34295
0.34308
0.34308
0.34313
0.34313
0.34357
0.34357
0.34373
0.34373
0.34422
0.34422
0.34454
0.34454
0.34463
0.34463
0.3452
0.3452
0.34577
0.34577
0.34642
0.34648
0.34648
0.34669
0.34669
0.34699
0.34699
0.347
0.347
0.34901
0.34901
0.34989
0.34989
0.35021
0.35021
0.35053
0.35053
0.35058
0.3512
0.3512
0.35218
0.35218
0.35308
0.35308
0.35323
0.35323
0.3545
0.3545
0.35459
0.35459
0.35474
0.35474
0.35537
0.35537
0.35558
0.35558
0.35601
0.35601
0.35615
0.35615
0.3566
0.3566
0.35687
0.35687
0.3571
0.3571
0.35758
0.35758
0.35811
0.35811
0.35853
0.35853
0.35895
0.35895
0.35905
0.35905
0.35976
0.35976
0.36049
0.36049
0.3607
0.3607
0.36116
0.36116
0.36138
0.36138
0.36169
0.36186
0.36186
0.36203
0.36288
0.36288
0.36318
0.36318
0.36322
0.36322
0.36332
0.36345
0.36345
0.36351
0.36351
0.36427
0.36427
0.36465
0.36465
0.36473
0.36473
0.36545
0.36545
0.36623
0.36623
0.36633
0.36633
0.36667
0.36706
0.36706
0.36707
0.36707
0.36795
0.36795
0.36838
0.36838
0.36953
0.36953
0.36956
0.36979
0.36979
0.36997
0.36997
0.37052
0.37052
0.37056
0.37056
0.37069
0.37069
0.37102
0.37102
0.37267
0.37267
0.37337
0.37337
0.37339
0.37339
0.37349
0.37349
0.37354
0.37354
0.37389
0.37389
0.3748
0.3748
0.37487
0.37488
0.37488
0.37496
0.37496
0.37513
0.37513
0.37514
0.37514
0.37526
0.37526
0.37533
0.37533
0.37579
0.37591
0.37591
0.37598
0.37598
0.37601
0.37601
0.37694
0.37694
0.37701
0.37701
0.37708
0.37708
0.37711
0.37711
0.37715
0.37715
0.37728
0.37728
0.37744
0.37744
0.37761
0.37761
0.37778
0.37778
0.37826
0.37826
0.37827
0.37827
0.37835
0.37835
0.37873
0.37873
0.37904
0.37904
0.37952
0.37952
0.37966
0.37966
0.37991
0.37991
0.3807
0.3807
0.38086
0.38086
0.38088
0.38088
0.38102
0.38102
0.38118
0.38118
0.38179
0.38179
0.38304
0.38304
0.38313
0.38313
0.38321
0.38321
0.38364
0.38364
0.38547
0.38547
0.38566
0.38566
0.38616
0.38616
0.38663
0.38702
0.38702
0.38706
0.38706
0.38734
0.38734
0.38757
0.38757
0.38766
0.38766
0.38769
0.38769
0.38827
0.38827
0.38838
0.38838
0.38876
0.38876
0.38886
0.38886
0.3893
0.3893
0.38948
0.38948
0.38954
0.38982
0.39071
0.39071
0.39091
0.39091
0.39116
0.39116
0.39237
0.39237
0.39242
0.39242
0.39262
0.39353
0.39353
0.39496
0.39496
0.39564
0.39564
0.39589
0.39589
0.39596
0.39596
0.39604
0.39604
0.39665
0.39665
0.39687
0.39687
0.39691
0.39691
0.397
0.39763
0.39763
0.39808
0.39838
0.39838
0.39839
0.39907
0.39907
0.39922
0.39922
0.40047
0.40047
0.40054
0.40054
0.40078
0.40078
0.40111
0.40111
0.4018
0.4018
0.40206
0.40206
0.40246
0.40246
0.40248
0.40248
0.40305
0.40305
0.4031
0.4031
0.40313
0.40313
0.40314
0.40314
0.40314
0.40314
0.40339
0.40339
0.40355
0.40355
0.4039
0.4039
0.40413
0.40413
0.40465
0.40465
0.40564
0.40564
0.40643
0.40646
0.40646
0.40683
0.40683
0.40718
0.40718
0.40749
0.40749
0.40807
0.40815
0.40815
0.40954
0.40954
0.40977
0.40977
0.41075
0.41075
0.41079
0.41079
0.41097
0.41097
0.41102
0.41102
0.41109
0.41109
0.41115
0.41115
0.41119
0.41119
0.4112
0.4112
0.41124
0.41124
0.41161
0.41161
0.41167
0.41167
0.41205
0.41205
0.41214
0.41229
0.41229
0.41236
0.41236
0.41274
0.41274
0.41285
0.41285
0.4131
0.4131
0.41388
0.41388
0.41405
0.41405
0.4141
0.4141
0.41424
0.41424
0.41515
0.41515
0.41515
0.41515
0.41573
0.41573
0.41615
0.41615
0.41617
0.41617
0.41632
0.41712
0.41712
0.4173
0.4173
0.41766
0.41766
0.41846
0.41846
0.41861
0.41861
0.41896
0.41896
0.42047
0.42066
0.42066
0.42098
0.42098
0.42155
0.42155
0.42254
0.42254
0.42257
0.42257
0.4229
0.42322
0.42322
0.42332
0.42332
0.42335
0.42335
0.42343
0.42343
0.42449
0.42449
0.42452
0.42452
0.42528
0.42528
0.42564
0.42564
0.42578
0.42578
0.42591
0.42597
0.42597
0.42636
0.42636
0.42641
0.42641
0.4265
0.4265
0.42726
0.42726
0.42767
0.42767
0.42794
0.42794
0.42858
0.42858
0.42864
0.42864
0.43046
0.43046
0.43089
0.43089
0.43117
0.43117
0.43125
0.43125
0.43182
0.43182
0.43287
0.43287
0.43307
0.43307
0.43312
0.43322
0.43322
0.43468
0.43521
0.43521
0.43537
0.43537
0.43557
0.43557
0.43614
0.43614
0.43625
0.43625
0.43677
0.43677
0.43763
0.43763
0.43788
0.43788
0.43798
0.43798
0.43798
0.43798
0.43819
0.43819
0.43824
0.43824
0.43828
0.43828
0.4383
0.4383
0.43848
0.43848
0.43864
0.43864
0.43878
0.43878
0.43894
0.43894
0.43917
0.43923
0.43923
0.43956
0.43956
0.44007
0.44007
0.44057
0.44057
0.44173
0.44173
0.44179
0.44179
0.44208
0.44208
0.44239
0.44239
0.44295
0.44295
0.443
0.443
0.44329
0.44329
0.44349
0.44349
0.44399
0.44433
0.44433
0.4445
0.4445
0.44566
0.44566
0.44603
0.44603
0.44646
0.44646
0.44663
0.44663
0.44682
0.44813
0.44813
0.4483
0.4483
0.44841
0.44863
0.44863
0.44895
0.44895
0.45032
0.45032
0.45039
0.45039
0.45111
0.45174
0.45174
0.4526
0.4526
0.45381
0.45381
0.45399
0.45399
0.45401
0.45401
0.45401
0.45401
0.4544
0.4544
0.45497
0.45497
0.45558
0.45558
0.45569
0.45569
0.45581
0.45581
0.45615
0.45618
0.45618
0.45623
0.45623
0.45748
0.45748
0.45767
0.45767
0.4584
0.4584
0.45916
0.45916
0.45958
0.45958
0.45963
0.45963
0.45975
0.45975
0.46036
0.46036
0.46092
0.46092
0.46094
0.46094
0.46123
0.46123
0.46145
0.46145
0.46189
0.46189
0.4622
0.46287
0.46287
0.46321
0.46321
0.46461
0.46461
0.46492
0.46492
0.46511
0.46511
0.46517
0.46517
0.46637
0.46637
0.46652
0.46652
0.46708
0.46708
0.46751
0.46751
0.46768
0.46768
0.46772
0.46772
0.46928
0.46928
0.46974
0.46974
0.4701
0.47015
0.47046
0.47046
0.4705
0.4705
0.47051
0.47051
0.47146
0.47146
0.47202
0.47202
0.4721
0.4721
0.47295
0.47295
0.47356
0.47356
0.47393
0.47393
0.47416
0.47416
0.47443
0.47445
0.47445
0.47511
0.47511
0.47551
0.47551
0.47581
0.47581
0.47706
0.47706
0.47766
0.47766
0.47857
0.47857
0.47947
0.47947
0.4796
0.4796
0.48016
0.48016
0.48098
0.48098
0.48113
0.48113
0.48216
0.48251
0.48251
0.48322
0.48322
0.48343
0.48343
0.48368
0.48368
0.48389
0.48389
0.48396
0.48396
0.48411
0.48411
0.48461
0.48461
0.48514
0.48514
0.4858
0.4858
0.48594
0.48594
0.48626
0.48762
0.48812
0.48812
0.48836
0.48836
0.48891
0.48891
0.48942
0.48942
0.48975
0.48975
0.48981
0.48981
0.49058
0.49058
0.49161
0.49161
0.49199
0.49199
0.49226
0.49434
0.49434
0.49458
0.49458
0.49476
0.49476
0.49503
0.49503
0.49507
0.49507
0.49583
0.49583
0.49684
0.49684
0.49741
0.49741
0.49829
0.49829
0.49835
0.49835
0.49923
0.49923
0.49962
0.49962
0.4999
0.4999
0.50131
0.50131
0.50131
0.50131
0.5022
0.5022
0.50235
0.50235
0.50324
0.50324
0.50372
0.50372
0.50399
0.50399
0.50402
0.50402
0.50441
0.50441
0.5046
0.50483
0.50483
0.50504
0.50595
0.50595
0.50615
0.50615
0.50693
0.50693
0.50835
0.50835
0.50847
0.50847
0.50978
0.50978
0.50996
0.50996
0.51028
0.51028
0.51166
0.51166
0.51276
0.51276
0.51455
0.51455
0.5149
0.5149
0.51498
0.51498
0.51556
0.51556
0.5159
0.5159
0.51636
0.51636
0.51677
0.51677
0.517
0.517
0.51737
0.51737
0.51751
0.51751
0.51795
0.5198
0.5198
0.52053
0.52053
0.52087
0.52087
0.5218
0.5218
0.52354
0.52407
0.52407
0.52432
0.52432
0.5244
0.5244
0.52629
0.52629
0.52639
0.52639
0.52663
0.52663
0.52665
0.52665
0.52673
0.52673
0.52689
0.52694
0.52694
0.52841
0.52841
0.52935
0.52935
0.531
0.531
0.53172
0.53172
0.53194
0.53194
0.53366
0.53366
0.53466
0.53466
0.53541
0.53541
0.53712
0.53712
0.53772
0.53772
0.53812
0.53812
0.53851
0.53851
0.53953
0.53953
0.53974
0.54021
0.54021
0.54176
0.54176
0.54232
0.54232
0.54243
0.54243
0.54268
0.54268
0.54274
0.54274
0.54414
0.54414
0.54472
0.54472
0.54538
0.54538
0.54617
0.54617
0.54691
0.54782
0.54831
0.54831
0.54902
0.54902
0.54934
0.54934
0.5499
0.5499
0.55011
0.55011
0.55152
0.55152
0.55163
0.55163
0.55231
0.55321
0.55321
0.55448
0.55448
0.55512
0.55512
0.55545
0.55545
0.55782
0.55782
0.55879
0.55879
0.5589
0.5589
0.55945
0.55945
0.55998
0.55998
0.56025
0.56025
0.56112
0.56112
0.56252
0.56393
0.56393
0.56537
0.56537
0.56594
0.56594
0.56824
0.56824
0.56848
0.56848
0.5689
0.5689
0.56891
0.56891
0.56916
0.56916
0.57215
0.57215
0.57215
0.57215
0.57269
0.57441
0.57441
0.57466
0.57466
0.57611
0.57611
0.57781
0.57781
0.57788
0.57788
0.57944
0.57944
0.57999
0.57999
0.58059
0.58059
0.58092
0.5819
0.58264
0.58288
0.58288
0.58291
0.58291
0.58376
0.58376
0.58493
0.58493
0.585
0.585
0.5886
0.5886
0.58894
0.58894
0.59124
0.59124
0.59212
0.59212
0.59278
0.59278
0.59315
0.59315
0.59587
0.59587
0.5967
0.5967
0.5969
0.5969
0.59722
0.59722
0.59782
0.59782
0.59986
0.59986
0.60148
0.60148
0.6027
0.6027
0.60337
0.60337
0.60585
0.60585
0.60761
0.60761
0.60846
0.60846
0.61119
0.61119
0.61132
0.61132
0.61224
0.61224
0.61368
0.61368
0.61467
0.61467
0.61479
0.61479
0.61633
0.6165
0.6165
0.61825
0.61825
0.61842
0.61842
0.6203
0.6203
0.62241
0.62334
0.62584
0.62584
0.62593
0.62593
0.62711
0.62711
0.62933
0.62933
0.62961
0.63008
0.63008
0.63017
0.63017
0.63046
0.63046
0.63139
0.63139
0.6322
0.63491
0.63491
0.6388
0.6388
0.6391
0.6391
0.64066
0.64066
0.6445
0.6445
0.64543
0.64543
0.64543
0.64543
0.64701
0.64701
0.64778
0.64778
0.64934
0.64934
0.65009
0.65009
0.65341
0.65341
0.65342
0.65342
0.65629
0.65629
0.65642
0.65649
0.65649
0.65879
0.65879
0.66546
0.66546
0.66656
0.66656
0.66742
0.66742
0.66827
0.66827
0.67114
0.67152
0.67152
0.67163
0.67163
0.67264
0.67264
0.67696
0.67696
0.67807
0.67807
0.68227
0.68227
0.68283
0.68283
0.68591
0.68591
0.68622
0.68622
0.68781
0.68874
0.68874
0.68876
0.68876
0.6971
0.6971
0.69855
0.69855
0.6995
0.6995
0.70315
0.70439
0.70439
0.70595
0.70815
0.70815
0.7085
0.7085
0.71111
0.71111
0.71743
0.71743
0.71979
0.71979
0.72015
0.72015
0.72267
0.72267
0.72392
0.72533
0.72533
0.72752
0.7283
0.7283
0.7293
0.7293
0.73047
0.73047
0.73902
0.73911
0.73911
0.74681
0.74681
0.74754
0.74754
0.75106
0.75106
0.75287
0.75287
0.7551
0.7551
0.75757
0.75801
0.75801
0.7581
0.76776
0.76776
0.7758
0.7758
0.77948
0.77948
0.78571
0.78571
0.78658
0.78658
0.78737
0.78737
0.78796
0.78796
0.79405
0.79544
0.79544
0.79651
0.79651
0.79949
0.81351
0.81351
0.81412
0.81412
0.82046
0.82944
0.82944
0.83264
0.83264
0.83822
0.83822
0.84308
0.85209
0.85209
0.85314
0.85314
0.86183
0.86183
0.8708
0.87135
0.8824
0.8824
0.88807
0.88807
0.89113
0.9104
0.9104
0.91828
0.92551
0.92551
0.94147
0.95487
0.96348
