0
0
0
0
0
0
0
0
0
0
0
0
0
0
0
0
0
0
0
0
0
0
0
0
0
0
0
0
0
0
0
0
0
0
0
0
0
0
0
0
0
0
0
0
0
0
0
0
0
0
0
0
0
0
0
0
0
0
0
0
0
0
0
0
0
0
0
0
0
0
0
0
0
0
0
0
0
0
0
0
0
0
0
0
0
0
0
0
0
0
0
0
0
0
0
0
0
0
0
0
0
0
0
0
0
0
0
0
0
0
0
0
0
0
0
0
0
0
0
0
0
0
0
0
0
0
0
0
0
0
0
0
0
0
0
0
0
0
0
0
0
0
0
0
0
0
0
0
0
0
0
0
0
0
0
0
0
0
0
0
0
0
0
0
0
0
0
0
0
0
0
0
0
0
0
0
0
0
0
0
0
0
0
0
0
0
0
0
0
0
0
0
0
0
0
0
0
0
0
0
0
0
0
0
0
0
0
0
0
0
0
0
0
0
0
0
0
0
0
0
0
0
0
0
0
0
0
0
0
0
0
0
7.8328e-10
7.8328e-10
1.199e-09
1.199e-09
2.9164e-09
2.9164e-09
3.7833e-09
3.7833e-09
6.0577e-09
6.0577e-09
1.1744e-08
1.1744e-08
1.4871e-08
1.4871e-08
2.8628e-08
2.8628e-08
5.4192e-08
5.4192e-08
1.2005e-07
1.2005e-07
1.5545e-07
1.5545e-07
1.581e-07
1.581e-07
6.172e-07
6.172e-07
6.7083e-07
6.7083e-07
7.2745e-07
7.2745e-07
7.4108e-07
7.4108e-07
1.4906e-06
1.913e-06
1.913e-06
2.0126e-06
2.0126e-06
2.7859e-06
2.7859e-06
4.1914e-06
4.1914e-06
5.7226e-06
5.7226e-06
8.7222e-06
8.7222e-06
1.143e-05
1.143e-05
2.1043e-05
2.1043e-05
2.2143e-05
2.2143e-05
2.3801e-05
2.3801e-05
2.5055e-05
2.5055e-05
4.2841e-05
4.5637e-05
4.5637e-05
7.1312e-05
7.1312e-05
7.3376e-05
7.3376e-05
7.6899e-05
7.6899e-05
0.00010692
0.00010692
0.00010973
0.00010973
0.00011315
0.00011315
0.00012586
0.00012586
0.00014024
0.00014024
0.00017577
0.00017577
0.00018228
0.00018228
0.00019517
0.00019517
0.00024614
0.00024614
0.00025131
0.00025131
0.00027921
0.00027921
0.00034445
0.00034445
0.00041905
0.00041905
0.00046476
0.00046476
0.00046936
0.00046936
0.00059509
0.00059509
0.00062343
0.00062343
0.00075006
0.00075006
0.00076461
0.00076461
0.0010262
0.0010262
0.0010868
0.0010868
0.0011983
0.0011983
0.0012338
0.0012338
0.0013376
0.0013376
0.0017529
0.0017529
0.0018481
0.0018481
0.0019001
0.0019001
0.0020259
0.0020259
0.0023694
0.0023694
0.002424
0.002424
0.0028667
0.0028667
0.0029473
0.0029473
0.0033685
0.0033685
0.0035887
0.0035887
0.0035947
0.0035947
0.004163
0.004163
0.0050225
0.0050225
0.005359
0.005359
0.005697
0.005697
0.0077168
0.0077168
0.008132
0.008132
0.008149
0.008149
0.0093794
0.0096421
0.0096421
0.010223
0.010223
0.010498
0.010498
0.012333
0.012333
0.01262
0.01262
0.013059
0.013059
0.014301
0.014301
0.015668
0.015668
0.015756
0.015756
0.015993
0.015993
0.017303
0.017488
0.017488
0.019032
0.019032
0.02067
0.02067
0.020865
0.020865
0.020909
0.020909
0.021139
0.021139
0.021284
0.021284
0.023182
0.023182
0.023884
0.023884
0.025772
0.025855
0.025855
0.026632
0.026632
0.027021
0.027021
0.030029
0.030029
0.030745
0.030745
0.031341
0.031341
0.034549
0.034549
0.036331
0.036331
0.037311
0.037311
0.041295
0.041295
0.042966
0.042966
0.043468
0.043468
0.046604
0.046604
0.05045
0.052019
0.052019
0.053114
0.053114
0.054659
0.054659
0.054978
0.054978
0.056221
0.056221
0.056476
0.056476
0.057032
0.057032
0.058857
0.058857
0.060779
0.060779
0.060964
0.060964
0.061422
0.061422
0.062666
0.062666
0.064481
0.064481
0.065409
0.065409
0.065835
0.065835
0.067236
0.067236
0.067461
0.067461
0.069113
0.069113
0.070074
0.070074
0.071203
0.071203
0.071282
0.071282
0.073895
0.073895
0.078204
0.078204
0.079546
0.079546
0.080827
0.080827
0.08227
0.08227
0.0825
0.0825
0.082821
0.082821
0.085849
0.086371
0.086371
0.087481
0.087481
0.092467
0.092467
0.092648
0.092648
0.093357
0.093357
0.095226
0.095226
0.097634
0.097634
0.098033
0.098033
0.099679
0.099679
0.1008
0.1008
0.10115
0.10115
0.10494
0.10494
0.10686
0.10686
0.10696
0.10898
0.10898
0.113
0.113
0.11358
0.11358
0.11789
0.11789
0.11992
0.11992
0.12138
0.12138
0.12254
0.12254
0.12597
0.12597
0.12877
0.12877
0.12935
0.13089
0.13089
0.13123
0.13123
0.13219
0.13219
0.13234
0.13234
0.13248
0.13248
0.13707
0.13707
0.13765
0.13765
0.14618
0.14618
0.14913
0.14913
0.15532
0.15532
0.15997
0.15997
0.16332
0.16332
0.16775
0.16775
0.17139
0.17139
0.17307
0.17307
0.17366
0.17366
0.17639
0.17685
0.17685
0.17939
0.17939
0.18129
0.18129
0.1824
0.1824
0.18691
0.18837
0.18837
0.18886
0.18886
0.196
0.196
0.19893
0.19893
0.20128
0.20128
0.20223
0.20223
0.20499
0.20499
0.20858
0.20858
0.20923
0.20923
0.21204
0.21204
0.21466
0.21466
0.21532
0.21532
0.21599
0.21599
0.22205
0.22205
0.22441
0.22441
0.22831
0.22831
0.22851
0.22851
0.22977
0.22977
0.22999
0.22999
0.23155
0.23155
0.23268
0.23268
0.23278
0.23278
0.23498
0.24094
0.24094
0.24175
0.24175
0.24239
0.24239
0.24253
0.24253
0.24402
0.24402
0.24794
0.25089
0.25089
0.25334
0.25334
0.25514
0.25514
0.25531
0.25531
0.25689
0.25689
0.25738
0.25738
0.2577
0.2577
0.25778
0.25778
0.25781
0.25781
0.25896
0.25896
0.2598
0.2598
0.26108
0.26108
0.26298
0.26298
0.26343
0.26364
0.26364
0.26446
0.26446
0.2658
0.2658
0.26635
0.26635
0.26702
0.26702
0.26735
0.26735
0.26842
0.26842
0.26898
0.26898
0.27029
0.27029
0.27101
0.27101
0.27139
0.27139
0.27184
0.27184
0.27255
0.27255
0.27293
0.27293
0.27345
0.27345
0.27386
0.27386
0.27449
0.27449
0.27508
0.27508
0.27698
0.27698
0.27986
0.27986
0.28015
0.28015
0.28045
0.28045
0.28227
0.28227
0.28272
0.28503
0.28503
0.28928
0.28928
0.28997
0.28997
0.29043
0.29043
0.29812
0.29812
0.29976
0.29976
0.30025
0.30025
0.3003
0.3003
0.30303
0.30303
0.30304
0.30304
0.30353
0.30353
0.3085
0.3085
0.30863
0.30863
0.30939
0.30939
0.30949
0.30949
0.31691
0.31691
0.31748
0.31748
0.31935
0.31935
0.32001
0.32157
0.32157
0.32307
0.32307
0.32425
0.32425
0.32461
0.32461
0.32466
0.32649
0.32649
0.32657
0.32657
0.328
0.328
0.32951
0.32951
0.33135
0.33135
0.33283
0.33297
0.33297
0.33311
0.33311
0.33557
0.33557
0.33683
0.33683
0.33822
0.33822
0.34131
0.34131
0.34346
0.34346
0.34359
0.34359
0.345
0.345
0.35001
0.35001
0.35229
0.35229
0.35364
0.35364
0.35458
0.35458
0.35677
0.35677
0.35857
0.35857
0.35866
0.35866
0.36134
0.36134
0.36368
0.36368
0.36628
0.36628
0.37176
0.37176
0.37361
0.37378
0.37378
0.37522
0.37522
0.37879
0.37879
0.3792
0.3792
0.37989
0.37989
0.38249
0.38249
0.38366
0.38366
0.39065
0.39065
0.39128
0.39217
0.39273
0.39273
0.39475
0.39475
0.39487
0.39487
0.39497
0.39497
0.39542
0.39542
0.39547
0.39547
0.3957
0.3957
0.396
0.396
0.39608
0.39608
0.39637
0.39637
0.39665
0.39665
0.39675
0.39675
0.39677
0.39677
0.398
0.398
0.39822
0.39822
0.39823
0.39823
0.3989
0.3989
0.40003
0.40003
0.40197
0.40197
0.40221
0.40221
0.40222
0.40222
0.40222
0.40222
0.40293
0.40293
0.40302
0.40343
0.40343
0.40372
0.40372
0.40613
0.40613
0.40701
0.40701
0.40884
0.40884
0.40968
0.40968
0.41095
0.41095
0.41362
0.41362
0.41368
0.41368
0.41395
0.41395
0.41497
0.41497
0.42273
0.42273
0.42278
0.42278
0.42348
0.42348
0.42385
0.42385
0.42528
0.42528
0.42801
0.42801
0.42867
0.42867
0.42891
0.42891
0.43166
0.43166
0.432
0.432
0.43309
0.43309
0.43385
0.43385
0.43478
0.43478
0.43836
0.43836
0.43849
0.44112
0.44112
0.443
0.44354
0.44354
0.4442
0.4442
0.44456
0.44456
0.44933
0.44933
0.44976
0.44976
0.44994
0.44994
0.45003
0.45003
0.4505
0.4505
0.45067
0.45067
0.45364
0.45364
0.45582
0.45593
0.45593
0.45727
0.45727
0.45761
0.45761
0.45806
0.4613
0.4613
0.46179
0.46179
0.46212
0.46212
0.46334
0.46334
0.46449
0.46449
0.46788
0.46788
0.46808
0.46808
0.4682
0.4682
0.46874
0.46874
0.46896
0.46896
0.469
0.469
0.47022
0.47022
0.47025
0.47025
0.47049
0.47049
0.47143
0.47143
0.47193
0.47193
0.47294
0.47294
0.47344
0.47344
0.4747
0.4747
0.47495
0.47495
0.47498
0.47576
0.47576
0.47755
0.47755
0.47785
0.47785
0.47858
0.47858
0.47872
0.47872
0.47917
0.47917
0.48104
0.48104
0.48105
0.48119
0.48119
0.48163
0.48163
0.48226
0.48226
0.48263
0.48263
0.48434
0.48434
0.485
0.485
0.48589
0.48589
0.48632
0.48632
0.48675
0.48675
0.48682
0.48682
0.48879
0.48879
0.49036
0.49036
0.4904
0.4904
0.49083
0.49083
0.49119
0.49119
0.4932
0.4932
0.49485
0.49485
0.49758
0.49758
0.49813
0.49813
0.49819
0.49819
0.49832
0.49832
0.49839
0.49839
0.49884
0.49884
0.50033
0.50033
0.50063
0.50063
0.50529
0.50529
0.5075
0.5075
0.5086
0.5086
0.5097
0.5097
0.51143
0.51143
0.51193
0.51193
0.51222
0.51222
0.51235
0.51235
0.51275
0.51275
0.51454
0.51454
0.51736
0.51895
0.51895
0.52017
0.52017
0.52082
0.52237
0.52237
0.52252
0.52297
0.52297
0.52394
0.52394
0.52427
0.52513
0.52513
0.52535
0.52535
0.5278
0.5278
0.53053
0.53053
0.53067
0.53067
0.53259
0.53259
0.53396
0.53396
0.53445
0.53445
0.53604
0.53604
0.53631
0.53631
0.53645
0.53645
0.53936
0.53936
0.5408
0.5408
0.54347
0.54347
0.54382
0.54382
0.54449
0.54472
0.54472
0.54497
0.54497
0.54556
0.54556
0.54628
0.54628
0.54705
0.54705
0.54899
0.54899
0.54996
0.54996
0.55049
0.55049
0.55257
0.55257
0.55387
0.55387
0.55449
0.55449
0.55485
0.55485
0.55527
0.55527
0.55538
0.55538
0.55608
0.55608
0.5574
0.5574
0.55782
0.55782
0.5579
0.5582
0.5582
0.55878
0.55878
0.55964
0.55964
0.55974
0.55974
0.56088
0.56088
0.56097
0.56097
0.56216
0.56216
0.56238
0.56269
0.56269
0.56295
0.56342
0.56342
0.56366
0.56366
0.56366
0.56366
0.56463
0.56463
0.5652
0.5652
0.5655
0.5655
0.56701
0.56701
0.56728
0.56728
0.56751
0.56751
0.56861
0.56861
0.56929
0.56929
0.56944
0.56944
0.5696
0.5696
0.56973
0.56973
0.56984
0.56984
0.57014
0.57014
0.57095
0.57095
0.571
0.571
0.57128
0.57189
0.57189
0.57216
0.57216
0.57288
0.57288
0.57314
0.57314
0.57331
0.57331
0.57384
0.57384
0.57474
0.57474
0.57527
0.57527
0.57569
0.57569
0.57652
0.57652
0.57652
0.57652
0.57805
0.57805
0.57905
0.57905
0.58015
0.58015
0.58112
0.58112
0.58143
0.58143
0.58161
0.58161
0.58213
0.58213
0.58237
0.58237
0.5837
0.58442
0.58442
0.58444
0.58483
0.58483
0.5871
0.5871
0.58751
0.58751
0.58813
0.58813
0.58825
0.58825
0.58886
0.58886
0.5895
0.5895
0.5899
0.5899
0.59084
0.59084
0.59265
0.59265
0.59283
0.59283
0.59308
0.59308
0.59425
0.59425
0.59537
0.59537
0.59654
0.59654
0.5968
0.5968
0.59694
0.59694
0.59755
0.59755
0.60037
0.60037
0.60043
0.60043
0.60068
0.60068
0.60157
0.60355
0.60355
0.60362
0.60362
0.60368
0.60368
0.60465
0.60465
0.60544
0.60544
0.60694
0.60694
0.607
0.607
0.607
0.607
0.60703
0.60703
0.6073
0.6073
0.60845
0.60845
0.60896
0.60904
0.60904
0.6095
0.6095
0.61053
0.61053
0.61075
0.61075
0.61125
0.61125
0.61244
0.61244
0.61487
0.61487
0.61511
0.61592
0.61592
0.61674
0.61674
0.6168
0.6168
0.61757
0.61757
0.61864
0.61864
0.61904
0.61904
0.61923
0.61923
0.61923
0.61923
0.61989
0.61995
0.61995
0.62171
0.62171
0.6237
0.6237
0.62385
0.62385
0.62442
0.62442
0.62452
0.62452
0.62504
0.62563
0.62563
0.62652
0.62652
0.62775
0.62775
0.62812
0.62812
0.62864
0.62864
0.63238
0.63238
0.63288
0.63288
0.63342
0.63342
0.63358
0.6345
0.6345
0.63483
0.63483
0.63501
0.63501
0.63589
0.63589
0.63636
0.63636
0.63663
0.63663
0.63667
0.63667
0.63782
0.63782
0.63824
0.63843
0.63882
0.63882
0.63884
0.63884
0.6396
0.6396
0.63977
0.63977
0.63995
0.63995
0.64006
0.64006
0.64072
0.64072
0.64102
0.64102
0.64172
0.64172
0.64181
0.64181
0.64232
0.64232
0.64243
0.64243
0.64254
0.64254
0.6429
0.6429
0.64308
0.64308
0.64384
0.64384
0.64462
0.64462
0.64464
0.64464
0.64502
0.64502
0.64525
0.64525
0.64546
0.64546
0.64568
0.64568
0.64708
0.64708
0.64768
0.64768
0.64796
0.64796
0.6486
0.6486
0.64862
0.64862
0.64934
0.64934
0.6494
0.6494
0.64941
0.65
0.65
0.65012
0.65012
0.65036
0.65036
0.65038
0.65038
0.65118
0.65118
0.65192
0.65192
0.65208
0.65208
0.65314
0.65314
0.65353
0.65353
0.65387
0.65387
0.65515
0.65515
0.65552
0.65552
0.65607
0.65607
0.65679
0.65679
0.65838
0.65838
0.65858
0.65858
0.65865
0.6593
0.6593
0.65977
0.65977
0.66143
0.66143
0.66165
0.66165
0.66211
0.66211
0.66263
0.66263
0.66313
0.66313
0.66353
0.66353
0.66368
0.66368
0.66414
0.66688
0.66701
0.66701
0.66787
0.66787
0.66866
0.66866
0.66979
0.66979
0.67031
0.67031
0.67102
0.67102
0.67129
0.67129
0.67208
0.67208
0.67231
0.67231
0.67312
0.67312
0.67375
0.67446
0.67446
0.67483
0.67483
0.67538
0.67538
0.67604
0.67604
0.67635
0.67635
0.67638
0.67638
0.67675
0.67675
0.67688
0.67688
0.67709
0.67709
0.67808
0.67808
0.67934
0.67934
0.67967
0.67967
0.68056
0.68056
0.68059
0.68059
0.68073
0.68073
0.68093
0.68093
0.68161
0.68161
0.68249
0.68249
0.68304
0.68304
0.68325
0.68376
0.68376
0.68381
0.68381
0.68408
0.68408
0.68408
0.68455
0.68455
0.68458
0.68458
0.68521
0.68521
0.68601
0.68601
0.68619
0.68619
0.68619
0.68619
0.68699
0.68699
0.68753
0.68753
0.68862
0.68862
0.68981
0.68981
0.68983
0.68983
0.68998
0.68998
0.69
0.69
0.69024
0.69024
0.69052
0.69077
0.69077
0.69093
0.69103
0.69103
0.69332
0.69332
0.69338
0.69338
0.69435
0.69435
0.69458
0.69458
0.69498
0.69498
0.69539
0.69539
0.69561
0.69561
0.69616
0.69616
0.69619
0.69619
0.6971
0.6971
0.6972
0.6972
0.69792
0.69792
0.69826
0.69826
0.69862
0.69862
0.69868
0.69868
0.69874
0.69874
0.7001
0.70115
0.70115
0.70302
0.70302
0.70334
0.70334
0.70433
0.70433
0.70481
0.70481
0.70531
0.70531
0.70537
0.70537
0.70589
0.707
0.707
0.70711
0.70711
0.7074
0.7074
0.70759
0.70759
0.70768
0.70768
0.70769
0.70812
0.70812
0.70843
0.70843
0.70984
0.71025
0.71025
0.71026
0.71026
0.71094
0.71094
0.7114
0.7114
0.71301
0.71301
0.71326
0.71326
0.7133
0.7133
0.71383
0.71383
0.71436
0.71436
0.7148
0.7148
0.71549
0.71549
0.71725
0.71725
0.71742
0.71742
0.71779
0.71779
0.71785
0.71785
0.7179
0.71896
0.71896
0.71923
0.71923
0.71931
0.71931
0.72007
0.72007
0.72052
0.72052
0.72082
0.72082
0.72115
0.72115
0.7212
0.7212
0.72212
0.72212
0.72222
0.72222
0.72317
0.72317
0.7234
0.7234
0.72375
0.72375
0.72425
0.72425
0.72435
0.72435
0.7255
0.7255
0.72562
0.72562
0.72633
0.72633
0.72672
0.72672
0.72678
0.72678
0.72731
0.72731
0.72891
0.72891
0.72908
0.72908
0.72948
0.72948
0.72994
0.72994
0.73024
0.73024
0.73106
0.73106
0.73218
0.73218
0.73218
0.73218
0.73364
0.73364
0.7337
0.7337
0.7338
0.7338
0.73396
0.73396
0.73422
0.73422
0.73511
0.73511
0.73561
0.73561
0.73591
0.73614
0.73614
0.73677
0.73842
0.73842
0.73847
0.73847
0.73864
0.73864
0.73974
0.73974
0.74043
0.74043
0.74062
0.74062
0.74077
0.74237
0.74248
0.74248
0.7429
0.7429
0.74317
0.74317
0.74387
0.74387
0.74392
0.74392
0.74398
0.74398
0.74428
0.74428
0.74535
0.74535
0.74592
0.74592
0.74644
0.74676
0.74676
0.74714
0.74714
0.74719
0.74719
0.74853
0.74853
0.74922
0.74922
0.74974
0.74974
0.75007
0.75007
0.7512
0.7512
0.75161
0.75161
0.75213
0.75213
0.75244
0.75244
0.7528
0.7528
0.7531
0.7531
0.75424
0.75424
0.75424
0.75424
0.75445
0.75445
0.75467
0.75467
0.75486
0.75486
0.75663
0.75663
0.75669
0.75748
0.75748
0.75807
0.75807
0.7586
0.7586
0.75861
0.75861
0.75915
0.75915
0.76029
0.76029
0.76061
0.76061
0.76076
0.76076
0.76199
0.76199
0.76211
0.76211
0.76229
0.76285
0.76285
0.76353
0.76353
0.76413
0.76413
0.76414
0.76414
0.76484
0.76484
0.76518
0.76518
0.76588
0.76588
0.76648
0.76648
0.7668
0.7668
0.76752
0.76752
0.76931
0.76931
0.76935
0.76935
0.7702
0.7702
0.7713
0.7713
0.77143
0.77143
0.77197
0.77197
0.77214
0.77214
0.77225
0.77225
0.7735
0.77419
0.77419
0.77456
0.77456
0.77514
0.77514
0.77557
0.77557
0.77571
0.77571
0.77626
0.77626
0.77678
0.77678
0.77694
0.77694
0.77763
0.77783
0.77783
0.77813
0.77857
0.77857
0.77883
0.77883
0.77928
0.77928
0.77999
0.77999
0.7816
0.7816
0.78238
0.78238
0.78283
0.78283
0.78367
0.78367
0.78389
0.78389
0.78411
0.78411
0.78515
0.78515
0.78554
0.78554
0.78662
0.78699
0.78699
0.78712
0.78712
0.7872
0.7872
0.78796
0.78796
0.78797
0.78797
0.78891
0.78891
0.78899
0.78899
0.78906
0.78933
0.78933
0.7906
0.7906
0.79087
0.79087
0.79115
0.79115
0.79217
0.79217
0.793
0.793
0.79467
0.79467
0.79516
0.79603
0.79603
0.79768
0.79768
0.79773
0.79773
0.7979
0.7979
0.7985
0.7985
0.7995
0.79978
0.79978
0.79978
0.79978
0.79985
0.79985
0.79988
0.79988
0.8003
0.8003
0.80155
0.80155
0.80215
0.80215
0.8033
0.8033
0.8041
0.8041
0.80421
0.80421
0.80602
0.80602
0.80621
0.80684
0.80684
0.80688
0.80688
0.80767
0.80767
0.80786
0.80786
0.80806
0.80806
0.80867
0.80867
0.80901
0.80901
0.80902
0.80902
0.81033
0.81033
0.81062
0.81062
0.81092
0.81092
0.81341
0.81341
0.81438
0.81438
0.81446
0.81446
0.81483
0.81483
0.81545
0.81545
0.81627
0.81772
0.81772
0.81864
0.81864
0.81882
0.81882
0.81927
0.81927
0.81986
0.81986
0.82054
0.82054
0.82099
0.82099
0.82207
0.82207
0.82223
0.82349
0.82349
0.8239
0.8239
0.82393
0.82393
0.82434
0.82434
0.82593
0.82593
0.82619
0.82619
0.82686
0.82686
0.82693
0.82703
0.82703
0.82726
0.82726
0.82737
0.82737
0.8285
0.8285
0.82957
0.82957
0.83003
0.83003
0.83015
0.83015
0.83088
0.83088
0.83162
0.83162
0.83284
0.83284
0.83346
0.83346
0.83472
0.83472
0.83633
0.83633
0.83648
0.83648
0.83679
0.83679
0.83751
0.83751
0.83905
0.83912
0.83912
0.83991
0.83991
0.84079
0.84079
0.84081
0.84081
0.84201
0.84201
0.84324
0.84324
0.84386
0.84404
0.84404
0.84433
0.84433
0.84533
0.84533
0.84567
0.84597
0.84597
0.84639
0.84639
0.84737
0.84737
0.84793
0.84793
0.8497
0.8497
0.84994
0.85019
0.85019
0.85141
0.85141
0.8535
0.8535
0.85358
0.85358
0.85392
0.85392
0.8542
0.8542
0.85477
0.85477
0.85491
0.85491
0.85636
0.85636
0.85719
0.85719
0.85728
0.85728
0.86095
0.86095
0.86117
0.86117
0.862
0.862
0.86302
0.86302
0.86388
0.86388
0.86394
0.86394
0.86405
0.86405
0.86418
0.86418
0.86597
0.86597
0.8664
0.8664
0.86755
0.86797
0.86797
0.86945
0.86945
0.86962
0.86972
0.86972
0.87028
0.87028
0.8712
0.8712
0.87167
0.87186
0.87186
0.87194
0.87293
0.87293
0.8767
0.8767
0.87791
0.87791
0.87829
0.87829
0.87932
0.87932
0.87937
0.87937
0.88039
0.88039
0.881
0.881
0.88127
0.88127
0.88238
0.88238
0.88409
0.88409
0.88505
0.88505
0.88594
0.88594
0.88686
0.88686
0.88697
0.88697
0.88766
0.88766
0.88838
0.88838
0.89067
0.8909
0.8909
0.89151
0.89151
0.89203
0.89203
0.89329
0.89329
0.89375
0.89465
0.89465
0.89725
0.89725
0.89911
0.89911
0.89938
0.90008
0.90008
0.90104
0.90104
0.90164
0.90164
0.90175
0.90175
0.90176
0.90176
0.90407
0.90407
0.90458
0.90526
0.90526
0.90531
0.90531
0.90577
0.90577
0.9072
0.90802
0.90802
0.90821
0.91024
0.91024
0.91248
0.91248
0.91379
0.91379
0.91579
0.91579
0.91701
0.91701
0.91723
0.91723
0.91764
0.91797
0.91797
0.91984
0.91984
0.92243
0.92243
0.92314
0.92314
0.92381
0.92381
0.9241
0.9241
0.92496
0.92496
0.92646
0.92714
0.92714
0.92882
0.92882
0.93257
0.93257
0.933
0.933
0.9339
0.9339
0.93464
0.93464
0.93624
0.93825
0.93825
0.93866
0.93866
0.9389
0.9389
0.94068
0.94139
0.94139
0.94288
0.94288
0.94343
0.94343
0.94685
0.94685
0.94777
0.94945
0.94945
0.95044
0.95044
0.9511
0.9511
0.95208
0.95305
0.95305
0.95764
0.95764
0.95983
0.95983
0.96187
0.96187
0.96203
0.96327
0.96327
0.9651
0.9651
0.9655
0.9658
0.96652
0.96652
0.97118
0.97118
0.97206
0.97206
0.9749
0.9776
0.9776
0.97824
0.97824
0.98055
0.98324
0.98398
0.98398
0.98773
0.98773
0.98972
0.99284
0.9946
