0.0041917
0.0041917
0.0042108
0.0042108
0.0043172
0.0043172
0.0043272
0.0043272
0.0045032
0.0045032
0.0046509
0.0046509
0.0047061
0.0047061
0.004908
0.004908
0.005086
0.005086
0.0052856
0.0052856
0.0063592
0.0063592
0.008069
0.008069
0.010674
0.010674
0.014474
0.014474
0.01975
0.01975
0.026678
0.026678
0.031449
0.031449
0.031614
0.031614
0.031738
0.031738
0.032107
0.032107
0.032612
0.032612
0.032814
0.032814
0.033629
0.033629
0.034204
0.034204
0.034462
0.034462
0.035125
0.035125
0.035236
0.035236
0.035891
0.035891
0.03664
0.03664
0.040021
0.040021
0.044177
0.044177
0.044383
0.044383
0.049637
0.049637
0.050473
0.051124
0.051124
0.05544
0.05544
0.06097
0.06097
0.062897
0.06452
0.06452
0.065323
0.065323
0.065447
0.065447
0.065777
0.065777
0.066056
0.066056
0.066871
0.066871
0.067037
0.067037
0.068276
0.068276
0.068605
0.068605
0.069656
0.069656
0.070702
0.070702
0.070785
0.070785
0.070848
0.070848
0.070876
0.070876
0.071013
0.071013
0.071067
0.071067
0.071319
0.071319
0.071326
0.071326
0.07165
0.07165
0.072252
0.072252
0.072411
0.072411
0.073401
0.073401
0.073602
0.073602
0.073765
0.073765
0.073794
0.074573
0.074573
0.075601
0.075601
0.076021
0.076021
0.076383
0.076383
0.079198
0.079198
0.0835
0.0835
0.084232
0.087804
0.087804
0.089166
0.089166
0.089179
0.089179
0.089578
0.089578
0.089706
0.089706
0.089959
0.089959
0.090531
0.090531
0.091494
0.091494
0.092843
0.092843
0.094521
0.094521
0.095125
0.096445
0.096445
0.096471
0.096471
0.098516
0.098516
0.099699
0.099699
0.10062
0.10062
0.10266
0.10266
0.10282
0.10282
0.10453
0.10453
0.10526
0.10526
0.10573
0.10573
0.10614
0.10614
0.10709
0.10741
0.10741
0.10749
0.10749
0.10977
0.10977
0.11221
0.11221
0.11269
0.11269
0.11486
0.11486
0.11727
0.11727
0.11731
0.11731
0.1177
0.1177
0.12054
0.12066
0.12066
0.12146
0.12146
0.12366
0.12366
0.12543
0.12543
0.12658
0.12658
0.12718
0.12718
0.12934
0.12934
0.12938
0.12938
0.13127
0.13127
0.1318
0.1318
0.13317
0.13317
0.1334
0.1334
0.13388
0.13388
0.13548
0.13548
0.13572
0.13747
0.13747
0.1388
0.1388
0.14134
0.14134
0.14139
0.14139
0.14148
0.14148
0.14155
0.14155
0.14186
0.14186
0.14251
0.14251
0.14251
0.14251
0.14262
0.14262
0.14277
0.14277
0.143
0.143
0.14345
0.14345
0.14351
0.14351
0.14353
0.14353
0.14355
0.14355
0.14418
0.14418
0.14428
0.14428
0.14482
0.14482
0.14492
0.14492
0.14493
0.14493
0.14543
0.14543
0.14556
0.14556
0.14686
0.14686
0.14711
0.14711
0.14713
0.14713
0.1494
0.1494
0.14942
0.14942
0.1497
0.1497
0.15022
0.15022
0.15071
0.15071
0.15273
0.15273
0.15284
0.15296
0.15296
0.15439
0.15439
0.15506
0.15506
0.15611
0.15611
0.15697
0.15697
0.15772
0.15772
0.15874
0.15874
0.15974
0.15974
0.16034
0.16034
0.16073
0.16073
0.16081
0.16135
0.16135
0.1617
0.1617
0.16231
0.16231
0.16456
0.16456
0.16547
0.16547
0.16627
0.16627
0.169
0.169
0.17022
0.17022
0.17033
0.17033
0.17129
0.17129
0.1721
0.17373
0.17373
0.1748
0.1748
0.17733
0.17733
0.17785
0.17785
0.17853
0.17853
0.17874
0.17874
0.18134
0.18134
0.18199
0.18199
0.18215
0.18215
0.18419
0.18419
0.18443
0.18443
0.18552
0.18667
0.18667
0.18704
0.18704
0.18712
0.18712
0.18733
0.18733
0.1874
0.1874
0.18766
0.18766
0.18791
0.18791
0.18824
0.18824
0.18876
0.18876
0.18973
0.18973
0.18977
0.18977
0.19018
0.19018
0.19088
0.19088
0.1919
0.1919
0.19195
0.19195
0.19198
0.19198
0.19301
0.19301
0.19371
0.19391
0.19391
0.19456
0.19456
0.1946
0.1946
0.19467
0.19467
0.19468
0.19468
0.19505
0.19505
0.19567
0.19567
0.19571
0.19571
0.19672
0.19672
0.19783
0.19783
0.19811
0.19811
0.19974
0.19998
0.19998
0.2004
0.2004
0.20051
0.20051
0.20077
0.20077
0.20156
0.20156
0.20225
0.20225
0.20227
0.20227
0.20241
0.20241
0.20451
0.20451
0.20505
0.20505
0.20549
0.20549
0.20748
0.20748
0.20938
0.20938
0.2095
0.2095
0.21096
0.21096
0.21121
0.21421
0.21421
0.21478
0.21478
0.21564
0.21564
0.21572
0.21572
0.21577
0.21577
0.21587
0.21587
0.21588
0.21588
0.21593
0.21593
0.21617
0.21617
0.21622
0.21622
0.2165
0.2165
0.21749
0.21749
0.21798
0.21879
0.21879
0.22006
0.22006
0.22019
0.22019
0.22035
0.22035
0.22186
0.22186
0.22187
0.22187
0.22206
0.22206
0.22206
0.22206
0.22206
0.22206
0.22207
0.22207
0.22238
0.22238
0.22256
0.22256
0.22259
0.22341
0.22341
0.22386
0.22386
0.2247
0.2247
0.22564
0.22564
0.22655
0.22655
0.22694
0.22694
0.22719
0.22719
0.22723
0.22723
0.22731
0.22731
0.22756
0.22756
0.22871
0.22871
0.22881
0.22881
0.22904
0.22904
0.23008
0.23008
0.23025
0.23025
0.23056
0.23056
0.23079
0.23079
0.23231
0.23231
0.23253
0.23253
0.2332
0.2332
0.23456
0.23456
0.23497
0.23642
0.23642
0.23648
0.23648
0.2366
0.2366
0.23662
0.23662
0.23662
0.23662
0.23673
0.23673
0.2371
0.2371
0.23788
0.23788
0.2379
0.2379
0.23878
0.23878
0.23905
0.23905
0.24061
0.24061
0.24071
0.24071
0.24115
0.24115
0.24166
0.24166
0.24266
0.24266
0.24347
0.24347
0.24369
0.24369
0.24386
0.24386
0.24529
0.24529
0.24535
0.24536
0.24536
0.24636
0.24636
0.24773
0.24773
0.24795
0.24795
0.24814
0.24814
0.2486
0.2486
0.24863
0.24892
0.24909
0.24909
0.24911
0.24911
0.24946
0.24946
0.24981
0.24981
0.25178
0.25178
0.25272
0.25272
0.25334
0.25334
0.25424
0.25424
0.25436
0.25436
0.25532
0.25532
0.25579
0.25579
0.25594
0.25594
0.25672
0.25672
0.25716
0.25716
0.25773
0.25773
0.25781
0.25781
0.25879
0.25879
0.2599
0.2599
0.26048
0.26048
0.26101
0.26101
0.26127
0.26127
0.26192
0.26192
0.26349
0.26349
0.26407
0.26407
0.26476
0.26491
0.26491
0.26636
0.26636
0.26763
0.26763
0.26804
0.26804
0.26821
0.26821
0.26835
0.26835
0.26836
0.26836
0.26872
0.26872
0.26882
0.26882
0.26883
0.26883
0.26923
0.26923
0.26976
0.26976
0.26983
0.26983
0.27048
0.27048
0.27072
0.27072
0.27097
0.27097
0.27119
0.27119
0.2715
0.2715
0.27165
0.27165
0.27175
0.27175
0.27235
0.27235
0.27268
0.27268
0.27283
0.27283
0.27314
0.27314
0.2732
0.2732
0.27356
0.27356
0.27362
0.27362
0.27438
0.27438
0.27518
0.27518
0.27573
0.27573
0.27579
0.27579
0.27583
0.27583
0.27589
0.27589
0.27609
0.27609
0.27637
0.27641
0.27641
0.27653
0.27668
0.27668
0.2773
0.2773
0.2774
0.2774
0.27762
0.27762
0.27771
0.27771
0.27855
0.27855
0.27898
0.27898
0.27908
0.27908
0.27909
0.27909
0.2795
0.2795
0.27991
0.27991
0.27999
0.27999
0.28036
0.28036
0.28085
0.28085
0.28113
0.28113
0.28277
0.28286
0.28286
0.28308
0.28308
0.2833
0.2833
0.28337
0.28337
0.2839
0.2839
0.28581
0.28581
0.28645
0.28645
0.28687
0.28687
0.28757
0.28757
0.28759
0.28759
0.28801
0.28801
0.28862
0.28862
0.28917
0.28917
0.28995
0.28995
0.29026
0.29041
0.29041
0.2905
0.2905
0.2921
0.2921
0.29249
0.29249
0.29257
0.29257
0.29274
0.29274
0.29329
0.29329
0.29429
0.29429
0.29463
0.29463
0.29529
0.29529
0.29542
0.29542
0.29889
0.29889
0.29909
0.29909
0.2992
0.2992
0.30012
0.30012
0.30029
0.30029
0.3003
0.3003
0.3008
0.3008
0.30084
0.30084
0.30106
0.30106
0.30116
0.3012
0.3012
0.30152
0.30152
0.30155
0.30155
0.30174
0.30174
0.30232
0.30232
0.30248
0.30248
0.30289
0.30289
0.30321
0.30354
0.30354
0.30377
0.30377
0.30406
0.30406
0.30433
0.30433
0.30465
0.30465
0.3048
0.3048
0.30569
0.30569
0.30576
0.30576
0.30642
0.30642
0.30682
0.30682
0.30685
0.30685
0.30788
0.30788
0.3082
0.3082
0.30826
0.30826
0.30978
0.30978
0.31004
0.31004
0.31118
0.31139
0.31139
0.31162
0.31162
0.31184
0.31265
0.31392
0.31392
0.31418
0.31418
0.31478
0.31478
0.31505
0.31505
0.31599
0.31599
0.31624
0.31624
0.31632
0.31632
0.31674
0.31674
0.31681
0.31681
0.31693
0.31693
0.31738
0.31738
0.31817
0.31817
0.3183
0.3183
0.31832
0.31832
0.31933
0.31933
0.31974
0.31974
0.32079
0.32079
0.32094
0.32094
0.32101
0.32101
0.32176
0.32176
0.32267
0.32267
0.32273
0.32273
0.32282
0.32282
0.32284
0.32284
0.32284
0.32284
0.32307
0.32307
0.32308
0.32308
0.3232
0.3232
0.32339
0.3237
0.3237
0.32376
0.32376
0.3241
0.3241
0.32437
0.32437
0.32487
0.32487
0.32503
0.32503
0.32556
0.32556
0.32584
0.32584
0.32616
0.32616
0.3264
0.32647
0.32647
0.32647
0.32647
0.32663
0.32663
0.3268
0.3268
0.32721
0.32721
0.32784
0.32784
0.32858
0.32858
0.32862
0.32862
0.32901
0.32901
0.32932
0.32932
0.33089
0.33089
0.33138
0.33138
0.332
0.332
0.33237
0.33237
0.33251
0.33251
0.33278
0.33278
0.33363
0.33363
0.33367
0.33367
0.33462
0.33462
0.33463
0.33463
0.3347
0.3347
0.33478
0.33478
0.3348
0.3348
0.33576
0.33576
0.33635
0.33635
0.3364
0.33645
0.33645
0.33788
0.33788
0.33864
0.33864
0.33868
0.33868
0.3388
0.3388
0.33882
0.33888
0.33888
0.33995
0.33995
0.34003
0.34003
0.34102
0.34102
0.3415
0.3415
0.34176
0.34176
0.34208
0.34208
0.34241
0.34241
0.34271
0.34271
0.3433
0.3433
0.34434
0.34434
0.34466
0.34466
0.34517
0.34517
0.34723
0.34723
0.34798
0.34798
0.34813
0.34813
0.3496
0.3496
0.34997
0.34997
0.34997
0.34997
0.3502
0.3502
0.35021
0.35021
0.35072
0.35072
0.35075
0.35075
0.35128
0.35163
0.35163
0.35217
0.35217
0.35217
0.35217
0.35253
0.35256
0.35256
0.35275
0.3529
0.3529
0.35304
0.35304
0.3532
0.3532
0.35444
0.35444
0.35456
0.35456
0.35463
0.35463
0.35562
0.35609
0.35609
0.35609
0.35609
0.35618
0.35618
0.35656
0.35656
0.35671
0.35671
0.35673
0.35673
0.3569
0.3569
0.3569
0.35717
0.35717
0.35721
0.35721
0.35731
0.35731
0.35768
0.35768
0.3578
0.3578
0.35811
0.35811
0.35822
0.35822
0.35857
0.35857
0.35881
0.35881
0.35907
0.35907
0.35941
0.35941
0.35944
0.35944
0.3598
0.3598
0.36035
0.36035
0.36099
0.36099
0.36107
0.36107
0.36163
0.36163
0.36178
0.36178
0.36219
0.36219
0.36262
0.36262
0.36295
0.36295
0.36319
0.36344
0.36344
0.36382
0.36382
0.36383
0.36383
0.36384
0.36384
0.36405
0.36405
0.36411
0.36411
0.36423
0.36423
0.36445
0.36445
0.3647
0.3647
0.36479
0.36479
0.36568
0.36568
0.3657
0.3657
0.366
0.366
0.36609
0.36609
0.36612
0.36612
0.36634
0.36634
0.36666
0.36666
0.36676
0.36676
0.36712
0.36712
0.36731
0.36731
0.36792
0.36792
0.36838
0.36906
0.36906
0.37014
0.37014
0.37108
0.37108
0.37151
0.37151
0.3716
0.3716
0.37221
0.37221
0.37262
0.37262
0.37335
0.37335
0.3735
0.37428
0.37428
0.37476
0.37476
0.37545
0.37545
0.37647
0.37647
0.37723
0.37723
0.37733
0.37733
0.37849
0.37849
0.37858
0.37858
0.37909
0.37909
0.3792
0.3792
0.37958
0.37958
0.37969
0.37969
0.37984
0.37984
0.38004
0.38004
0.38043
0.38043
0.38061
0.38061
0.38067
0.38067
0.3807
0.3807
0.38107
0.38107
0.38163
0.38163
0.38242
0.38242
0.38283
0.38302
0.38302
0.38344
0.38344
0.38373
0.38373
0.38452
0.38456
0.38464
0.38464
0.38467
0.38467
0.38555
0.38555
0.38564
0.38564
0.38566
0.38566
0.38605
0.38605
0.38743
0.38743
0.38747
0.38747
0.38749
0.38749
0.38753
0.38753
0.38794
0.38794
0.38804
0.38905
0.38905
0.38942
0.38942
0.38946
0.38946
0.39055
0.39055
0.39066
0.39066
0.39078
0.39078
0.39197
0.39197
0.39243
0.39282
0.39282
0.39287
0.39287
0.39292
0.39292
0.393
0.393
0.39356
0.39356
0.39377
0.39377
0.39443
0.39443
0.39556
0.39556
0.39607
0.39607
0.39623
0.39623
0.39655
0.39655
0.39699
0.39699
0.39701
0.39709
0.39709
0.39713
0.39713
0.39747
0.39747
0.39748
0.39748
0.39753
0.39753
0.39786
0.39786
0.3982
0.3982
0.39824
0.39837
0.39837
0.39863
0.39863
0.39877
0.39877
0.3988
0.3988
0.39894
0.39894
0.3992
0.3992
0.39925
0.39925
0.39933
0.39933
0.39979
0.39979
0.40003
0.40003
0.40013
0.40013
0.40017
0.40017
0.40052
0.40052
0.40092
0.40092
0.40135
0.40135
0.40142
0.40142
0.4017
0.4017
0.40222
0.40222
0.40223
0.40223
0.40297
0.40297
0.40305
0.40305
0.40313
0.40313
0.40377
0.40377
0.40442
0.40442
0.40449
0.40449
0.40519
0.40519
0.40541
0.40541
0.40578
0.40578
0.40602
0.40602
0.40687
0.40687
0.40748
0.40748
0.4076
0.4076
0.40787
0.40787
0.40793
0.40793
0.40841
0.40841
0.4087
0.40883
0.40916
0.40916
0.40933
0.40933
0.40947
0.40947
0.4097
0.4097
0.41065
0.4113
0.41137
0.41137
0.41159
0.41159
0.41184
0.41184
0.41231
0.41231
0.41252
0.41252
0.4132
0.4132
0.41434
0.41434
0.41452
0.41452
0.41454
0.41454
0.41504
0.41504
0.41639
0.41639
0.41675
0.41675
0.41686
0.41686
0.41704
0.41704
0.41747
0.41786
0.41786
0.41823
0.41823
0.41847
0.41847
0.41897
0.41901
0.41901
0.42015
0.42033
0.42033
0.42044
0.42044
0.42074
0.42074
0.42102
0.42102
0.42125
0.42125
0.42128
0.42128
0.42265
0.42265
0.42266
0.42266
0.42301
0.42301
0.42423
0.42423
0.42426
0.42426
0.42433
0.42433
0.42466
0.42466
0.42468
0.42468
0.42477
0.42477
0.42479
0.42479
0.42484
0.42484
0.42494
0.42494
0.42527
0.42527
0.42596
0.42596
0.42688
0.42688
0.42718
0.42718
0.4278
0.42788
0.42788
0.428
0.428
0.42812
0.42812
0.42829
0.42829
0.42925
0.42925
0.4298
0.43059
0.43059
0.43097
0.43097
0.43097
0.43097
0.43122
0.43122
0.43196
0.43196
0.432
0.432
0.43228
0.43228
0.4323
0.4323
0.43257
0.43257
0.43259
0.43259
0.43269
0.43269
0.43301
0.43301
0.43308
0.43308
0.43323
0.43323
0.4333
0.4333
0.43373
0.43373
0.43393
0.4343
0.4343
0.43447
0.43447
0.43448
0.43448
0.4345
0.4345
0.43579
0.43579
0.4358
0.4358
0.43581
0.43581
0.4362
0.4362
0.43633
0.43633
0.43671
0.43677
0.43677
0.4373
0.4373
0.43754
0.43754
0.43767
0.43767
0.43773
0.43773
0.43925
0.43925
0.4395
0.4395
0.44002
0.44002
0.44004
0.44004
0.44196
0.44201
0.44201
0.44242
0.44242
0.44252
0.44252
0.44297
0.44297
0.44308
0.44308
0.44322
0.44322
0.44383
0.44383
0.44437
0.44437
0.44449
0.44496
0.44496
0.44566
0.44566
0.44612
0.44612
0.44615
0.44615
0.44641
0.44641
0.44644
0.44644
0.44681
0.44681
0.44692
0.44718
0.44718
0.4476
0.4476
0.44762
0.44762
0.44773
0.44773
0.4478
0.4478
0.44798
0.44798
0.44884
0.44884
0.44965
0.44965
0.45064
0.45064
0.45168
0.45168
0.45182
0.45182
0.45209
0.45209
0.45243
0.45243
0.45344
0.45344
0.45408
0.45408
0.45455
0.455
0.455
0.45504
0.45504
0.45592
0.45636
0.45636
0.45653
0.45653
0.45697
0.45697
0.45762
0.45762
0.4579
0.45814
0.45814
0.4586
0.4586
0.45875
0.45875
0.45919
0.45919
0.45921
0.45921
0.45943
0.45943
0.45944
0.45944
0.4596
0.4596
0.45962
0.45962
0.45976
0.45976
0.45994
0.45994
0.45994
0.45994
0.46029
0.46029
0.4607
0.4607
0.46073
0.46073
0.46103
0.46103
0.46167
0.46167
0.46269
0.46269
0.4628
0.4628
0.46291
0.46291
0.46298
0.46298
0.46381
0.46381
0.46392
0.46392
0.46404
0.46404
0.46449
0.46449
0.46525
0.46533
0.46533
0.46662
0.46662
0.4667
0.4667
0.46681
0.46699
0.46699
0.4675
0.4675
0.46851
0.46851
0.46877
0.46877
0.46907
0.46913
0.46913
0.46982
0.46982
0.46996
0.46996
0.47035
0.47035
0.4711
0.4711
0.47209
0.47272
0.47272
0.47287
0.47287
0.47357
0.47357
0.4741
0.4741
0.4742
0.4742
0.47471
0.47471
0.4749
0.4749
0.47508
0.47508
0.47566
0.47566
0.4762
0.4762
0.47628
0.47628
0.47685
0.47685
0.47724
0.47815
0.47821
0.47821
0.47829
0.47829
0.47848
0.47848
0.47941
0.47941
0.48004
0.48004
0.48013
0.48013
0.48042
0.48042
0.48044
0.48044
0.48086
0.48086
0.48118
0.48118
0.48178
0.48178
0.48187
0.48187
0.4829
0.4829
0.48302
0.48302
0.48376
0.48376
0.4848
0.4848
0.48509
0.48509
0.48553
0.48553
0.48577
0.48577
0.4858
0.4858
0.48746
0.48746
0.48781
0.48781
0.48789
0.48789
0.48813
0.48813
0.48826
0.48826
0.48926
0.48926
0.49005
0.49005
0.4908
0.4908
0.49089
0.49101
0.4911
0.4911
0.49139
0.49139
0.49141
0.49141
0.49166
0.49166
0.49219
0.49219
0.49245
0.49245
0.49395
0.49395
0.49425
0.49425
0.49466
0.49466
0.49477
0.49499
0.49499
0.49575
0.49575
0.49616
0.49616
0.49632
0.49632
0.49788
0.49788
0.49797
0.49797
0.49844
0.49844
0.49923
0.49923
0.4994
0.4994
0.49979
0.49979
0.50077
0.50077
0.5014
0.5014
0.50179
0.50185
0.50185
0.50232
0.50232
0.50304
0.50304
0.50352
0.50352
0.50388
0.50388
0.50394
0.50394
0.50397
0.50397
0.50462
0.50462
0.50509
0.50509
0.50529
0.50529
0.50604
0.50628
0.50628
0.50698
0.50776
0.50776
0.50855
0.50855
0.50875
0.50875
0.50959
0.50959
0.51018
0.51018
0.51031
0.51031
0.51084
0.51084
0.51194
0.51194
0.51219
0.51219
0.51274
0.51494
0.51494
0.51495
0.51495
0.51512
0.51512
0.51521
0.51521
0.5153
0.5153
0.51556
0.51556
0.51674
0.51674
0.51717
0.51717
0.51846
0.51846
0.51877
0.51877
0.51961
0.51961
0.51974
0.51974
0.52017
0.52017
0.52018
0.52018
0.52076
0.52076
0.52145
0.52145
0.52174
0.52174
0.52223
0.52223
0.52289
0.52289
0.52395
0.52395
0.52422
0.52422
0.52436
0.52436
0.52438
0.52438
0.52463
0.52532
0.52532
0.52556
0.52606
0.52606
0.52665
0.52665
0.52755
0.52755
0.52873
0.52873
0.53024
0.53024
0.53039
0.53039
0.53041
0.53041
0.53095
0.53095
0.53238
0.53238
0.53278
0.53278
0.53533
0.53533
0.53534
0.53534
0.53578
0.53578
0.53579
0.53579
0.53641
0.53641
0.53644
0.53644
0.53653
0.53653
0.53739
0.53739
0.53767
0.53767
0.53817
0.53979
0.53979
0.5401
0.5401
0.54073
0.54073
0.54176
0.54176
0.5428
0.54439
0.54439
0.54456
0.54456
0.54473
0.54473
0.54482
0.54482
0.54577
0.54577
0.54626
0.54626
0.54627
0.54627
0.54634
0.54634
0.54704
0.54704
0.54719
0.54858
0.54858
0.54907
0.54907
0.55124
0.55124
0.5518
0.5518
0.55205
0.55205
0.5539
0.5539
0.5546
0.5546
0.55491
0.55491
0.55681
0.55681
0.55788
0.55788
0.5581
0.5581
0.5586
0.5586
0.55871
0.55871
0.55916
0.55916
0.55942
0.55976
0.55976
0.56188
0.56188
0.56206
0.56206
0.56225
0.56225
0.56262
0.56262
0.56288
0.56288
0.56376
0.56376
0.56422
0.56422
0.56489
0.56521
0.56521
0.56531
0.56531
0.56774
0.56887
0.56887
0.56906
0.56906
0.56999
0.56999
0.57011
0.57011
0.5703
0.5703
0.57167
0.57167
0.57237
0.57272
0.57272
0.57387
0.57387
0.57473
0.57473
0.57536
0.57536
0.57668
0.57668
0.57786
0.57827
0.57827
0.57868
0.57868
0.57916
0.57916
0.5798
0.5798
0.5802
0.5802
0.58109
0.58109
0.58368
0.58368
0.58459
0.58459
0.58586
0.58586
0.58597
0.58597
0.58771
0.58771
0.58821
0.58821
0.58832
0.58832
0.58873
0.58873
0.59147
0.59178
0.59178
0.59199
0.59199
0.5933
0.5933
0.59347
0.59347
0.59584
0.59584
0.59713
0.59713
0.59724
0.59724
0.59823
0.59823
0.59921
0.59921
0.59955
0.59955
0.60016
0.60165
0.60218
0.60252
0.60252
0.60259
0.60259
0.60287
0.60287
0.60429
0.60429
0.60438
0.60438
0.60734
0.60734
0.60809
0.60809
0.60953
0.60953
0.60975
0.60975
0.6124
0.6124
0.61272
0.61272
0.61523
0.61523
0.61571
0.61571
0.61609
0.61609
0.61616
0.61616
0.61738
0.61738
0.6183
0.6183
0.62079
0.62079
0.62211
0.62211
0.62233
0.62233
0.62529
0.62529
0.62668
0.62668
0.62712
0.62712
0.63042
0.63042
0.63045
0.63045
0.63045
0.63045
0.63185
0.63185
0.63303
0.63303
0.63351
0.63351
0.63538
0.63538
0.63565
0.63734
0.63734
0.63766
0.63766
0.63934
0.63934
0.6395
0.64235
0.64446
0.64446
0.64454
0.64454
0.6448
0.6448
0.64514
0.64514
0.64819
0.64829
0.64829
0.64844
0.64844
0.6492
0.6492
0.6498
0.6498
0.65018
0.65395
0.65395
0.65753
0.65753
0.65771
0.65771
0.65946
0.65946
0.66335
0.66335
0.66352
0.66352
0.66362
0.66362
0.66408
0.66408
0.666
0.666
0.66792
0.66792
0.66842
0.66842
0.67096
0.67096
0.67213
0.67213
0.67441
0.67441
0.67488
0.67488
0.67511
0.67735
0.67735
0.68284
0.68284
0.68287
0.68287
0.68565
0.68565
0.68604
0.68604
0.68931
0.68988
0.68988
0.68988
0.68988
0.69064
0.69064
0.69394
0.69394
0.69632
0.69632
0.7002
0.7002
0.70037
0.70037
0.7032
0.7032
0.70383
0.70383
0.70527
0.70648
0.70648
0.70671
0.70671
0.71469
0.71469
0.71515
0.71515
0.71726
0.71726
0.72084
0.72191
0.72191
0.72241
0.72504
0.72504
0.7257
0.7257
0.72634
0.72634
0.7345
0.7345
0.73644
0.73644
0.73734
0.73734
0.73886
0.73958
0.73958
0.74196
0.74196
0.74432
0.74499
0.74499
0.74532
0.74532
0.74664
0.74664
0.75106
0.75569
0.75569
0.7628
0.7628
0.76293
0.76293
0.76673
0.76673
0.7691
0.7691
0.77105
0.77105
0.77358
0.77367
0.77384
0.77384
0.78305
0.78305
0.79116
0.79116
0.79403
0.79403
0.7986
0.7986
0.80159
0.80159
0.8017
0.8017
0.80207
0.80207
0.80853
0.8099
0.8099
0.81052
0.81052
0.81285
0.82698
0.82698
0.8279
0.8279
0.834
0.84228
0.84228
0.84492
0.84492
0.85071
0.85071
0.85493
0.86293
0.86293
0.86496
0.86496
0.87287
0.87287
0.87981
0.88192
0.89239
0.89239
0.89728
0.89728
0.90064
0.91836
0.91836
0.9251
0.93249
0.93249
0.94686
0.9593
0.96723
