0
0
0
0
0
0
0
0
0
0
0
0
0
0
0
0
0
0
0
0
0
0
0
0
0
0
0
0
0
0
0
0
0
0
0
0
0
0
0
0
0
0
0
0
0
0
0
0
0
0
0
0
0
0
0
0
0
0
0
0
0
0
0
0
0
0
0
0
0
0
0
0
0
0
0
0
0
0
0
0
0
0
0
0
0
0
0
0
0
0
0
0
0
0
0
0
0
0
0
0
0
0
0
0
0
0
0
0
0
0
0
0
0
0
0
0
0
0
0
0
0
0
0
0
0
0
0
0
0
0
0
0
0
0
0
0
0
0
0
0
0
0
0
0
0
0
0
0
0
0
0
0
0
0
0
0
0
0
0
0
0
0
0
0
0
0
0
0
0
0
0
0
0
0
0
0
0
0
0
0
0
0
0
0
0
0
0
0
0
0
0
0
0
0
0
0
0
0
0
0
0
0
0
0
0
0
0
0
0
0
0
0
0
0
0
0
0
0
0
0
0
0
0
0
0
0
0
0
0
0
0
0
0
0
0
0
0
0
0
0
0
0
0
0
0
0
0
0
0
0
0
0
0
0
0
0
0
0
0
0
0
0
0
0
0
0
0
0
0
0
0
0
0
0
0
0
0
0
0
0
0
0
0
0
0
0
0
0
0
0
0
0
0
0
0
0
0
0
0
0
0
0
0
0
0
0
0
0
0
0
0
0
0
0
0
0
0
0
0
0
0
0
0
0
0
0
0
0
0
0
0
0
0
0
0
0
0
0
0
0
0
0
0
0
0
0
0
0
0
0
0
0
0
0
0
0
0
0
0
0
0
0
0
0
0
0
0
0
0
0
0
0
0
0
0
0
0
0
0
0
0
0
0
0
0
0
0
0
0
0
0
0
0
0
0
0
0
0
0
0
0
0
0
0
0
0
0
0
0
0
0
0
0
0
0
0
0
0
0
0
0
0
0
0
0
0
0
0
0
0
0
0
0
0
0
0
0
0
0
0
0
0
0
0
0
0
0
0
0
0
0
0
0
0
0
0
0
6.3795e-10
6.3795e-10
7.3004e-10
7.3004e-10
1.0623e-09
1.0623e-09
2.4501e-09
2.4501e-09
2.7977e-09
2.7977e-09
3.9754e-09
3.9754e-09
7.5801e-09
7.5801e-09
7.7764e-09
7.7764e-09
1.2446e-08
1.2446e-08
1.6061e-08
1.6061e-08
2.6978e-08
2.6978e-08
2.9695e-08
2.9695e-08
4.7652e-08
4.7652e-08
8.5072e-08
8.5072e-08
1.1499e-07
1.1499e-07
1.1509e-07
1.4292e-07
1.5535e-07
1.5535e-07
1.5637e-07
1.5637e-07
1.8201e-07
1.8201e-07
2.8532e-07
2.8532e-07
2.9777e-07
2.9777e-07
4.017e-07
4.017e-07
4.1734e-07
4.1734e-07
8.2757e-07
8.8774e-07
8.8774e-07
1.303e-06
1.303e-06
2.0104e-06
2.0104e-06
2.202e-06
2.202e-06
2.275e-06
2.275e-06
2.5951e-06
2.5951e-06
2.6312e-06
2.6312e-06
4.6588e-06
4.6588e-06
6.3882e-06
6.3882e-06
7.7241e-06
7.7241e-06
8.592e-06
8.592e-06
1.0651e-05
1.0651e-05
1.0832e-05
1.0832e-05
1.4917e-05
1.4917e-05
1.7137e-05
1.7137e-05
1.7233e-05
1.7233e-05
2.0995e-05
2.0995e-05
2.2877e-05
2.2877e-05
3.0791e-05
3.0791e-05
4.6e-05
4.6e-05
4.8621e-05
4.8621e-05
5.3662e-05
5.3662e-05
8.2457e-05
8.2457e-05
8.4595e-05
8.4595e-05
0.00011873
0.00011873
0.00012328
0.00012328
0.0001464
0.0001464
0.00014805
0.00014805
0.00017311
0.00017311
0.00020528
0.00020528
0.00021304
0.00021304
0.00021982
0.00021982
0.00027208
0.00027208
0.0003135
0.0003135
0.00034151
0.00034151
0.00042675
0.00042675
0.00049884
0.00049884
0.00075961
0.00075961
0.0009641
0.0009641
0.0010111
0.0010111
0.0010236
0.0010236
0.0011373
0.0011373
0.0012431
0.0012431
0.0013028
0.0013028
0.0015385
0.0015385
0.0017777
0.0017777
0.0018135
0.0018135
0.0024759
0.0024759
0.0026792
0.0026792
0.0036396
0.0036396
0.0038671
0.0038671
0.004627
0.004627
0.0047043
0.0047043
0.0047665
0.0047665
0.0057129
0.0057129
0.0057734
0.0057734
0.0058526
0.0063623
0.0063623
0.0066482
0.0066482
0.0069041
0.0069041
0.0076678
0.0076678
0.0090401
0.0090401
0.0092676
0.0092676
0.0098367
0.0098367
0.0099734
0.0099734
0.010471
0.010471
0.014349
0.016666
0.016666
0.016844
0.016844
0.016998
0.016998
0.017241
0.017241
0.018462
0.018462
0.018902
0.018902
0.022752
0.022752
0.023892
0.023892
0.024226
0.024226
0.027154
0.027154
0.027177
0.027177
0.030773
0.030773
0.031902
0.032608
0.032608
0.032873
0.032873
0.036957
0.036957
0.037142
0.037142
0.03949
0.03949
0.048579
0.049734
0.049734
0.054283
0.054283
0.057774
0.057774
0.060799
0.060799
0.065015
0.065015
0.068552
0.068552
0.06964
0.06964
0.073769
0.073769
0.073814
0.073814
0.07482
0.07482
0.079255
0.079255
0.083873
0.083873
0.08527
0.08527
0.095216
0.095216
0.10373
0.10373
0.10498
0.10498
0.10516
0.10516
0.12108
0.12108
0.12577
0.12577
0.12635
0.12635
0.12653
0.12653
0.13762
0.13762
0.1385
0.1385
0.13893
0.13893
0.14231
0.14231
0.14638
0.14638
0.14706
0.14706
0.14814
0.14814
0.15109
0.15109
0.15261
0.15261
0.15264
0.15264
0.17051
0.17051
0.17313
0.17313
0.18423
0.18423
0.18448
0.18448
0.18645
0.18645
0.18969
0.18969
0.19175
0.19175
0.22119
0.22119
0.22562
0.22562
0.22578
0.22578
0.2353
0.2353
0.23894
0.23894
0.24073
0.24073
0.25327
0.25327
0.25712
0.25712
0.25874
0.25874
0.2646
0.27056
0.27056
0.27338
0.27338
0.27611
0.27611
0.2871
0.29498
0.29498
0.29998
0.29998
0.30305
0.30305
0.30687
0.30687
0.31598
0.31598
0.33579
0.33579
0.35204
0.35204
0.35425
0.35425
0.35941
0.35941
0.35947
0.35947
0.36726
0.36726
0.36978
0.36978
0.37496
0.37496
0.38569
0.38569
0.39011
0.39102
0.39102
0.39406
0.39406
0.39945
0.39945
0.41719
0.41719
0.42261
0.42261
0.42643
0.42726
0.42726
0.4285
0.4285
0.43604
0.43604
0.43656
0.43656
0.44134
0.44134
0.44264
0.44264
0.44409
0.44409
0.44689
0.44689
0.45526
0.45526
0.45531
0.46128
0.46128
0.46173
0.46173
0.46813
0.46813
0.46989
0.46989
0.47772
0.47772
0.48608
0.48608
0.48656
0.48656
0.49064
0.49064
0.49206
0.49206
0.50052
0.50052
0.50625
0.50648
0.50648
0.50974
0.50974
0.5116
0.5116
0.5126
0.5126
0.5136
0.5136
0.51378
0.51378
0.51668
0.51668
0.52067
0.52067
0.52544
0.52544
0.53036
0.53036
0.5334
0.5334
0.53648
0.53648
0.53914
0.53914
0.54632
0.54632
0.55206
0.55206
0.5546
0.5546
0.56049
0.56049
0.56115
0.56115
0.56206
0.56635
0.56635
0.57199
0.57199
0.57429
0.57429
0.57467
0.57467
0.57578
0.57605
0.57605
0.57791
0.57791
0.5781
0.5781
0.58643
0.58643
0.58694
0.58694
0.58826
0.58826
0.58998
0.58998
0.59004
0.59004
0.59449
0.59449
0.59903
0.59992
0.59992
0.60107
0.60107
0.60822
0.60822
0.61024
0.61024
0.61051
0.61051
0.61398
0.61398
0.61922
0.61922
0.6195
0.6195
0.6233
0.6233
0.62504
0.62504
0.62652
0.62652
0.62757
0.62757
0.6281
0.6281
0.63379
0.6396
0.6396
0.64135
0.64135
0.64208
0.64208
0.64314
0.64314
0.64574
0.64574
0.64577
0.64659
0.64659
0.65261
0.65261
0.65279
0.65279
0.65549
0.65549
0.65618
0.65618
0.65934
0.65934
0.661
0.661
0.66405
0.66405
0.6672
0.66734
0.66734
0.6675
0.6675
0.67033
0.67033
0.67052
0.67052
0.67207
0.67207
0.67307
0.67307
0.67599
0.67599
0.67702
0.67702
0.67896
0.67896
0.67977
0.67977
0.68528
0.68528
0.68685
0.68685
0.68822
0.68822
0.68947
0.68947
0.68955
0.68955
0.6933
0.6933
0.69352
0.69352
0.69481
0.69481
0.69684
0.69684
0.69775
0.69775
0.69851
0.69851
0.69892
0.69892
0.6992
0.6992
0.70184
0.70184
0.70252
0.70252
0.7034
0.70608
0.70608
0.70778
0.70778
0.70841
0.70841
0.70883
0.71038
0.71038
0.71462
0.71462
0.71859
0.71859
0.71865
0.71865
0.72262
0.72262
0.72291
0.72291
0.72467
0.72467
0.7255
0.7255
0.72833
0.72833
0.72945
0.72945
0.73261
0.73261
0.73725
0.73763
0.73763
0.73798
0.73798
0.7395
0.7395
0.74083
0.74083
0.74231
0.74231
0.74246
0.74246
0.74246
0.74246
0.74286
0.74286
0.74483
0.74483
0.74664
0.74664
0.74825
0.74825
0.74871
0.75011
0.75011
0.7527
0.7527
0.754
0.754
0.75423
0.75801
0.75801
0.7584
0.7584
0.76185
0.76185
0.76329
0.76329
0.76382
0.76382
0.76464
0.76464
0.76536
0.76536
0.76571
0.76571
0.7679
0.7679
0.76794
0.76794
0.76814
0.76814
0.76866
0.76866
0.77266
0.77267
0.77267
0.77316
0.77316
0.77545
0.77545
0.7782
0.7782
0.77828
0.77828
0.77865
0.77865
0.78097
0.78097
0.78099
0.78139
0.78139
0.78168
0.78168
0.78207
0.78207
0.78231
0.78231
0.78262
0.78262
0.78388
0.78388
0.7858
0.7858
0.78591
0.78591
0.78599
0.78599
0.78604
0.78604
0.78707
0.78707
0.79095
0.79095
0.79112
0.79112
0.79232
0.79232
0.79246
0.79246
0.79312
0.79312
0.7942
0.79478
0.79478
0.79575
0.79575
0.7984
0.7984
0.79865
0.79865
0.79946
0.79946
0.79986
0.79986
0.80064
0.80064
0.80183
0.80183
0.80236
0.80236
0.80481
0.80481
0.80553
0.80553
0.80615
0.80615
0.80718
0.80743
0.80743
0.80834
0.80834
0.8092
0.8092
0.81181
0.81181
0.81196
0.81196
0.81363
0.81363
0.81383
0.81383
0.81389
0.81389
0.81451
0.81451
0.81558
0.81558
0.81558
0.81558
0.8157
0.8157
0.81572
0.81572
0.81577
0.81577
0.81596
0.81596
0.81609
0.81609
0.8162
0.8162
0.81623
0.81623
0.81651
0.81651
0.81765
0.81765
0.81924
0.81924
0.81995
0.81995
0.82135
0.82135
0.82168
0.82168
0.82239
0.82239
0.82239
0.82239
0.82259
0.82259
0.82314
0.82314
0.82412
0.82412
0.82433
0.82433
0.82579
0.82652
0.82652
0.82664
0.82814
0.82839
0.82839
0.82851
0.82851
0.82951
0.82951
0.83014
0.83125
0.83125
0.8316
0.8316
0.83287
0.83287
0.83308
0.83308
0.83405
0.83405
0.83416
0.83416
0.83454
0.83454
0.83461
0.83461
0.83468
0.83468
0.83515
0.83515
0.83552
0.83552
0.8363
0.8363
0.83772
0.83772
0.83846
0.83846
0.84034
0.84077
0.84077
0.84313
0.84313
0.84337
0.84337
0.84368
0.84368
0.84389
0.84389
0.84638
0.84638
0.84648
0.84648
0.84811
0.84811
0.84823
0.84823
0.84912
0.84912
0.84933
0.84933
0.84953
0.84953
0.84958
0.84958
0.84962
0.84962
0.84977
0.84977
0.85116
0.85116
0.8516
0.8516
0.85228
0.85228
0.85241
0.85241
0.85294
0.85419
0.85419
0.85475
0.85475
0.85759
0.85759
0.85802
0.85802
0.85885
0.85885
0.85896
0.85896
0.85916
0.85916
0.86006
0.86033
0.86033
0.86094
0.86094
0.86112
0.86112
0.86156
0.86156
0.86191
0.86191
0.86234
0.86234
0.86238
0.86238
0.86526
0.86526
0.86545
0.86545
0.86587
0.86587
0.86608
0.86608
0.86627
0.86627
0.86676
0.86676
0.86865
0.86865
0.86878
0.86878
0.86889
0.86889
0.86987
0.86987
0.87076
0.87076
0.87084
0.87084
0.87088
0.87088
0.87098
0.87224
0.87235
0.87235
0.87251
0.87251
0.87255
0.87255
0.87313
0.87313
0.87327
0.87341
0.87367
0.87367
0.87419
0.87419
0.8742
0.8742
0.87436
0.87436
0.87457
0.87457
0.87551
0.87551
0.87667
0.87667
0.87678
0.87729
0.87729
0.8776
0.8776
0.87769
0.87769
0.87794
0.87794
0.87797
0.87797
0.87831
0.87831
0.87913
0.87913
0.87978
0.87978
0.88123
0.88123
0.8814
0.8814
0.88144
0.88144
0.88184
0.88184
0.88196
0.88196
0.88235
0.88235
0.88345
0.88345
0.88346
0.88346
0.88374
0.88374
0.88399
0.88399
0.88441
0.88441
0.88512
0.88512
0.88591
0.88591
0.88601
0.88601
0.88668
0.88668
0.88711
0.88711
0.8874
0.8874
0.88747
0.88747
0.88753
0.88753
0.88758
0.88758
0.88771
0.88771
0.88817
0.88817
0.88858
0.88858
0.88879
0.88879
0.88918
0.88918
0.88938
0.88938
0.88955
0.88955
0.89005
0.89005
0.89034
0.89034
0.89049
0.89049
0.89097
0.89097
0.89144
0.89144
0.89251
0.89251
0.89259
0.89291
0.89291
0.89421
0.89421
0.89433
0.89433
0.89437
0.89437
0.89463
0.89484
0.89484
0.89487
0.89487
0.89533
0.89533
0.89572
0.89572
0.89634
0.89634
0.89644
0.89644
0.89675
0.89675
0.897
0.897
0.89825
0.89825
0.8983
0.8983
0.89912
0.89912
0.89969
0.89969
0.90021
0.90021
0.90021
0.90021
0.90093
0.90093
0.90118
0.90118
0.90145
0.90145
0.9016
0.90206
0.90206
0.90214
0.90266
0.90266
0.90282
0.90287
0.90287
0.90304
0.90304
0.90347
0.90347
0.90377
0.90377
0.90392
0.90392
0.90392
0.90392
0.9047
0.9047
0.90525
0.90525
0.90532
0.90532
0.90561
0.90561
0.90631
0.90631
0.90688
0.90688
0.90692
0.90692
0.90768
0.90768
0.90784
0.90784
0.90811
0.90811
0.90828
0.90828
0.90879
0.90879
0.90902
0.90902
0.90945
0.90945
0.90974
0.90983
0.90983
0.90987
0.90987
0.91004
0.91004
0.91024
0.91024
0.91042
0.91042
0.91052
0.91052
0.91222
0.91222
0.91253
0.91253
0.91253
0.91253
0.91275
0.91275
0.91282
0.91282
0.91294
0.91294
0.91331
0.91331
0.91355
0.91355
0.91397
0.91397
0.91407
0.91407
0.91413
0.91413
0.91445
0.91445
0.91452
0.91452
0.91453
0.91453
0.91467
0.91467
0.91611
0.91611
0.91702
0.91702
0.91738
0.91738
0.91757
0.91797
0.91797
0.91805
0.91805
0.91812
0.91812
0.91837
0.91837
0.91838
0.91838
0.91841
0.91841
0.91856
0.91856
0.91858
0.91858
0.91867
0.91867
0.91885
0.91885
0.91913
0.91913
0.9192
0.9192
0.91922
0.91964
0.91964
0.92002
0.92002
0.92054
0.92054
0.92098
0.92098
0.92141
0.92141
0.92143
0.92143
0.92164
0.92164
0.92189
0.92205
0.92205
0.92207
0.92207
0.92218
0.92218
0.92237
0.92321
0.92321
0.92389
0.92389
0.92398
0.92398
0.92417
0.92417
0.92421
0.92429
0.92429
0.92444
0.92444
0.92451
0.92451
0.92486
0.92486
0.92507
0.92507
0.92516
0.92516
0.92517
0.92517
0.92564
0.92564
0.92596
0.92614
0.92614
0.92666
0.92666
0.92723
0.92723
0.92774
0.92774
0.92787
0.92787
0.92808
0.92808
0.92836
0.92836
0.92837
0.92837
0.92853
0.92853
0.9288
0.9288
0.92903
0.92903
0.92944
0.92944
0.92953
0.92953
0.92988
0.92988
0.92989
0.92989
0.93021
0.93021
0.93053
0.93053
0.93078
0.93078
0.93149
0.93149
0.93151
0.93151
0.93165
0.93165
0.93173
0.93173
0.93247
0.93247
0.93261
0.93261
0.93277
0.93277
0.93307
0.93307
0.93314
0.93314
0.93366
0.93366
0.93376
0.93376
0.9342
0.9342
0.93426
0.93426
0.93442
0.93442
0.935
0.935
0.93504
0.93504
0.93506
0.93506
0.93519
0.93519
0.93534
0.93534
0.93541
0.93541
0.9356
0.9356
0.93566
0.93566
0.93573
0.93573
0.93591
0.93591
0.93603
0.93605
0.93605
0.93639
0.93639
0.9364
0.93692
0.93714
0.93714
0.93724
0.93724
0.93739
0.93739
0.93793
0.93793
0.93817
0.93817
0.93817
0.93821
0.93821
0.93824
0.93824
0.93855
0.93855
0.93856
0.93856
0.93889
0.93889
0.93907
0.93907
0.93915
0.93915
0.93978
0.93978
0.94019
0.94019
0.94041
0.94041
0.94059
0.94059
0.94102
0.94102
0.94107
0.94107
0.94135
0.94135
0.94207
0.94207
0.94221
0.94221
0.94222
0.94222
0.94227
0.94227
0.94248
0.94248
0.94272
0.94272
0.94317
0.94317
0.94358
0.94358
0.94366
0.94366
0.9437
0.9437
0.94383
0.94383
0.9439
0.9439
0.94417
0.94417
0.94421
0.94421
0.94449
0.94449
0.94455
0.94455
0.9446
0.9446
0.94487
0.94487
0.94535
0.94535
0.94559
0.94559
0.94566
0.94566
0.94575
0.94575
0.94575
0.94575
0.94589
0.94589
0.9459
0.94615
0.94615
0.94625
0.94625
0.94632
0.94634
0.94634
0.94704
0.94704
0.94732
0.94732
0.94735
0.94735
0.94747
0.94747
0.94787
0.94795
0.94795
0.948
0.948
0.94803
0.94803
0.94829
0.94829
0.94834
0.94834
0.94915
0.94915
0.9492
0.9492
0.94959
0.94959
0.94999
0.94999
0.95004
0.95004
0.95014
0.95014
0.95019
0.95019
0.95035
0.95035
0.9507
0.95076
0.95076
0.95129
0.95146
0.95146
0.95163
0.95163
0.9517
0.9517
0.95172
0.95172
0.95174
0.95174
0.95208
0.95208
0.95247
0.95247
0.95255
0.95255
0.95273
0.95273
0.95281
0.95281
0.95294
0.95294
0.95297
0.95297
0.95355
0.95355
0.95386
0.95386
0.95386
0.95386
0.95417
0.95417
0.95432
0.95448
0.95448
0.95466
0.95466
0.95476
0.95476
0.95498
0.95498
0.95504
0.95504
0.95512
0.95512
0.95539
0.95539
0.95543
0.95543
0.9555
0.9555
0.95558
0.95558
0.95581
0.95581
0.95591
0.95591
0.95592
0.95592
0.95661
0.95661
0.95664
0.95664
0.95696
0.95696
0.95715
0.95715
0.95732
0.95732
0.95744
0.95745
0.95745
0.95795
0.95795
0.958
0.958
0.95811
0.95811
0.95817
0.95817
0.95821
0.95821
0.95859
0.95859
0.95876
0.95876
0.95947
0.95947
0.9599
0.9599
0.96005
0.96005
0.96007
0.96007
0.96015
0.96015
0.96017
0.96017
0.96042
0.96042
0.96043
0.96043
0.96065
0.96065
0.96103
0.96106
0.96106
0.96128
0.96128
0.96147
0.96147
0.96152
0.96152
0.96154
0.96154
0.96156
0.96156
0.96168
0.96188
0.96188
0.96208
0.96208
0.9624
0.9624
0.96242
0.96242
0.96264
0.96264
0.96273
0.96273
0.96328
0.96328
0.96365
0.96368
0.96368
0.96376
0.96384
0.96384
0.96385
0.96385
0.9642
0.9642
0.96427
0.96432
0.96432
0.96456
0.96456
0.96488
0.96488
0.96496
0.96496
0.96497
0.96497
0.96518
0.96518
0.96551
0.96551
0.96562
0.96567
0.96567
0.96572
0.96572
0.96595
0.96595
0.96657
0.96657
0.96662
0.96662
0.96662
0.96662
0.96679
0.96679
0.96681
0.96681
0.96713
0.96713
0.96713
0.96713
0.96761
0.96761
0.96789
0.96789
0.96803
0.96803
0.96805
0.96805
0.96808
0.96808
0.96826
0.96833
0.96833
0.96845
0.96845
0.96887
0.96887
0.969
0.969
0.96905
0.96905
0.96919
0.96919
0.9694
0.9694
0.96977
0.96977
0.96999
0.97032
0.97032
0.97049
0.97049
0.97063
0.97063
0.97074
0.97074
0.97078
0.97078
0.97102
0.97102
0.97106
0.97106
0.9712
0.9712
0.97147
0.97147
0.97198
0.97198
0.97217
0.97217
0.97234
0.97234
0.97242
0.97242
0.97268
0.97268
0.97273
0.97273
0.97277
0.97279
0.97279
0.97314
0.97314
0.97315
0.97315
0.97337
0.97337
0.97352
0.97352
0.97383
0.97383
0.97388
0.97388
0.97391
0.97391
0.97403
0.97403
0.97417
0.97445
0.97478
0.97478
0.97507
0.97507
0.97508
0.97508
0.97526
0.97526
0.97548
0.97548
0.97578
0.97578
0.97593
0.97593
0.97615
0.97615
0.97647
0.97647
0.97672
0.97672
0.97682
0.97682
0.97715
0.97715
0.97728
0.97728
0.97742
0.97742
0.97764
0.97764
0.97772
0.97772
0.97786
0.97786
0.97787
0.97812
0.97812
0.97818
0.97818
0.97869
0.97869
0.97893
0.97893
0.97908
0.97908
0.97911
0.97916
0.97916
0.97918
0.97918
0.97934
0.97934
0.97951
0.97967
0.97967
0.97983
0.97983
0.97991
0.97991
0.98008
0.98008
0.98009
0.98084
0.98084
0.98106
0.98106
0.98124
0.98124
0.98128
0.98128
0.98133
0.98133
0.98188
0.98188
0.9819
0.9819
0.98191
0.98191
0.98231
0.98231
0.98243
0.98243
0.98285
0.98285
0.98301
0.98301
0.98302
0.98302
0.98319
0.98319
0.98381
0.9839
0.9839
0.984
0.984
0.98414
0.98414
0.9843
0.9843
0.98433
0.98446
0.98446
0.98455
0.98455
0.98472
0.98474
0.98559
0.98559
0.98563
0.98563
0.98568
0.98568
0.98579
0.98579
0.9863
0.9863
0.98638
0.98638
0.98643
0.98643
0.98645
0.98645
0.98667
0.98667
0.98715
0.98715
0.98728
0.98728
0.98765
0.98765
0.98769
0.98769
0.98787
0.98787
0.98809
0.98809
0.98827
0.98827
0.98844
0.98844
0.9886
0.98898
0.98898
0.98917
0.98917
0.98925
0.98925
0.9896
0.98978
0.98978
0.98999
0.98999
0.99044
0.99044
0.99059
0.99065
0.99065
0.99078
0.99078
0.99097
0.99097
0.99163
0.99164
0.99164
0.99171
0.99171
0.99181
0.99181
0.99193
0.99193
0.99197
0.99197
0.99229
0.99296
0.99296
0.99318
0.99318
0.99326
0.99326
0.99348
0.99369
0.99383
0.99383
0.99404
0.99404
0.99445
0.99445
0.99464
0.99464
0.99472
0.99472
0.99505
0.99505
0.99531
0.99531
0.99531
0.99537
0.99593
0.99593
0.99652
0.99652
0.99658
0.99658
0.99692
0.99707
0.99707
0.99747
0.99747
0.99757
0.99777
0.99809
0.99809
0.99863
0.99863
0.99872
0.99918
0.99942
