dt, snp, Rnp
 0,  0, -0.5
17241,  0, -0.61494
34483,  0, -0.72989
51724,  0, -0.84483
68966,  0, -0.95977
86207,  0, -1.0747
1.0345e+05,  0, -1.1897
1.2069e+05,  0, -1.3046
1.3793e+05,  0, -1.4195
1.5517e+05,  0, -1.5345
1.7241e+05,  0, -1.6494
1.8966e+05,  0, -1.7644
2.069e+05,  0, -1.8793
2.2414e+05,  0, -1.9943
2.4138e+05,  0, -2.1092
2.5862e+05,  0, -2.2241
2.7586e+05,  0, -2.3391
2.931e+05,  0, -2.454
3.1034e+05,  0, -2.569
3.2759e+05,  0, -2.6839
3.4483e+05,  0, -2.7989
3.6207e+05,  0, -2.9138
3.7931e+05,  0, -3.0287
3.9655e+05,  0, -3.1437
4.1379e+05,  0, -3.2586
4.3103e+05,  0, -3.3736
4.4828e+05,  0, -3.4885
4.6552e+05,  0, -3.6034
4.8276e+05,  0, -3.7184
5e+05,  0, -3.8333

 0, 0.034483, -0.46552
17241, 0.034483, -0.57733
34483, 0.034483, -0.68915
51724, 0.034483, -0.80097
68966, 0.034483, -0.91278
86207, 0.034483, -1.0246
1.0345e+05, 0.034483, -1.1364
1.2069e+05, 0.034483, -1.2482
1.3793e+05, 0.034483, -1.36
1.5517e+05, 0.034483, -1.4719
1.7241e+05, 0.034483, -1.5837
1.8966e+05, 0.034483, -1.6955
2.069e+05, 0.034483, -1.8073
2.2414e+05, 0.034483, -1.9191
2.4138e+05, 0.034483, -2.0309
2.5862e+05, 0.034483, -2.1428
2.7586e+05, 0.034483, -2.2546
2.931e+05, 0.034483, -2.3664
3.1034e+05, 0.034483, -2.4782
3.2759e+05, 0.034483, -2.59
3.4483e+05, 0.034483, -2.7018
3.6207e+05, 0.034483, -2.8137
3.7931e+05, 0.034483, -2.9255
3.9655e+05, 0.034483, -3.0373
4.1379e+05, 0.034483, -3.1491
4.3103e+05, 0.034483, -3.2609
4.4828e+05, 0.034483, -3.3727
4.6552e+05, 0.034483, -3.4846
4.8276e+05, 0.034483, -3.5964
5e+05, 0.034483, -3.7082

 0, 0.068966, -0.43103
17241, 0.068966, -0.53879
34483, 0.068966, -0.64654
51724, 0.068966, -0.75429
68966, 0.068966, -0.86205
86207, 0.068966, -0.9698
1.0345e+05, 0.068966, -1.0776
1.2069e+05, 0.068966, -1.1853
1.3793e+05, 0.068966, -1.2931
1.5517e+05, 0.068966, -1.4008
1.7241e+05, 0.068966, -1.5086
1.8966e+05, 0.068966, -1.6163
2.069e+05, 0.068966, -1.7241
2.2414e+05, 0.068966, -1.8318
2.4138e+05, 0.068966, -1.9396
2.5862e+05, 0.068966, -2.0473
2.7586e+05, 0.068966, -2.1551
2.931e+05, 0.068966, -2.2628
3.1034e+05, 0.068966, -2.3706
3.2759e+05, 0.068966, -2.4783
3.4483e+05, 0.068966, -2.5861
3.6207e+05, 0.068966, -2.6939
3.7931e+05, 0.068966, -2.8016
3.9655e+05, 0.068966, -2.9094
4.1379e+05, 0.068966, -3.0171
4.3103e+05, 0.068966, -3.1249
4.4828e+05, 0.068966, -3.2326
4.6552e+05, 0.068966, -3.3404
4.8276e+05, 0.068966, -3.4481
5e+05, 0.068966, -3.5559

 0, 0.10345, -0.39655
17241, 0.10345, -0.4994
34483, 0.10345, -0.60225
51724, 0.10345, -0.7051
68966, 0.10345, -0.80795
86207, 0.10345, -0.9108
1.0345e+05, 0.10345, -1.0137
1.2069e+05, 0.10345, -1.1165
1.3793e+05, 0.10345, -1.2194
1.5517e+05, 0.10345, -1.3222
1.7241e+05, 0.10345, -1.4251
1.8966e+05, 0.10345, -1.5279
2.069e+05, 0.10345, -1.6308
2.2414e+05, 0.10345, -1.7336
2.4138e+05, 0.10345, -1.8364
2.5862e+05, 0.10345, -1.9393
2.7586e+05, 0.10345, -2.0421
2.931e+05, 0.10345, -2.145
3.1034e+05, 0.10345, -2.2478
3.2759e+05, 0.10345, -2.3507
3.4483e+05, 0.10345, -2.4535
3.6207e+05, 0.10345, -2.5564
3.7931e+05, 0.10345, -2.6592
3.9655e+05, 0.10345, -2.7621
4.1379e+05, 0.10345, -2.8649
4.3103e+05, 0.10345, -2.9678
4.4828e+05, 0.10345, -3.0706
4.6552e+05, 0.10345, -3.1735
4.8276e+05, 0.10345, -3.2763
5e+05, 0.10345, -3.3792

 0, 0.13793, -0.36207
17241, 0.13793, -0.45932
34483, 0.13793, -0.55656
51724, 0.13793, -0.65381
68966, 0.13793, -0.75106
86207, 0.13793, -0.8483
1.0345e+05, 0.13793, -0.94555
1.2069e+05, 0.13793, -1.0428
1.3793e+05, 0.13793, -1.14
1.5517e+05, 0.13793, -1.2373
1.7241e+05, 0.13793, -1.3345
1.8966e+05, 0.13793, -1.4318
2.069e+05, 0.13793, -1.529
2.2414e+05, 0.13793, -1.6263
2.4138e+05, 0.13793, -1.7235
2.5862e+05, 0.13793, -1.8208
2.7586e+05, 0.13793, -1.918
2.931e+05, 0.13793, -2.0153
3.1034e+05, 0.13793, -2.1125
3.2759e+05, 0.13793, -2.2098
3.4483e+05, 0.13793, -2.307
3.6207e+05, 0.13793, -2.4043
3.7931e+05, 0.13793, -2.5015
3.9655e+05, 0.13793, -2.5988
4.1379e+05, 0.13793, -2.696
4.3103e+05, 0.13793, -2.7932
4.4828e+05, 0.13793, -2.8905
4.6552e+05, 0.13793, -2.9877
4.8276e+05, 0.13793, -3.085
5e+05, 0.13793, -3.1822

 0, 0.17241, -0.32759
17241, 0.17241, -0.41869
34483, 0.17241, -0.50979
51724, 0.17241, -0.6009
68966, 0.17241, -0.692
86207, 0.17241, -0.78311
1.0345e+05, 0.17241, -0.87421
1.2069e+05, 0.17241, -0.96531
1.3793e+05, 0.17241, -1.0564
1.5517e+05, 0.17241, -1.1475
1.7241e+05, 0.17241, -1.2386
1.8966e+05, 0.17241, -1.3297
2.069e+05, 0.17241, -1.4208
2.2414e+05, 0.17241, -1.5119
2.4138e+05, 0.17241, -1.603
2.5862e+05, 0.17241, -1.6941
2.7586e+05, 0.17241, -1.7853
2.931e+05, 0.17241, -1.8764
3.1034e+05, 0.17241, -1.9675
3.2759e+05, 0.17241, -2.0586
3.4483e+05, 0.17241, -2.1497
3.6207e+05, 0.17241, -2.2408
3.7931e+05, 0.17241, -2.3319
3.9655e+05, 0.17241, -2.423
4.1379e+05, 0.17241, -2.5141
4.3103e+05, 0.17241, -2.6052
4.4828e+05, 0.17241, -2.6963
4.6552e+05, 0.17241, -2.7874
4.8276e+05, 0.17241, -2.8785
5e+05, 0.17241, -2.9696

 0, 0.2069, -0.2931
17241, 0.2069, -0.37768
34483, 0.2069, -0.46225
51724, 0.2069, -0.54683
68966, 0.2069, -0.6314
86207, 0.2069, -0.71597
1.0345e+05, 0.2069, -0.80055
1.2069e+05, 0.2069, -0.88512
1.3793e+05, 0.2069, -0.9697
1.5517e+05, 0.2069, -1.0543
1.7241e+05, 0.2069, -1.1388
1.8966e+05, 0.2069, -1.2234
2.069e+05, 0.2069, -1.308
2.2414e+05, 0.2069, -1.3926
2.4138e+05, 0.2069, -1.4771
2.5862e+05, 0.2069, -1.5617
2.7586e+05, 0.2069, -1.6463
2.931e+05, 0.2069, -1.7309
3.1034e+05, 0.2069, -1.8154
3.2759e+05, 0.2069, -1.9
3.4483e+05, 0.2069, -1.9846
3.6207e+05, 0.2069, -2.0692
3.7931e+05, 0.2069, -2.1537
3.9655e+05, 0.2069, -2.2383
4.1379e+05, 0.2069, -2.3229
4.3103e+05, 0.2069, -2.4075
4.4828e+05, 0.2069, -2.492
4.6552e+05, 0.2069, -2.5766
4.8276e+05, 0.2069, -2.6612
5e+05, 0.2069, -2.7458

 0, 0.24138, -0.25862
17241, 0.24138, -0.33641
34483, 0.24138, -0.4142
51724, 0.24138, -0.49199
68966, 0.24138, -0.56978
86207, 0.24138, -0.64756
1.0345e+05, 0.24138, -0.72535
1.2069e+05, 0.24138, -0.80314
1.3793e+05, 0.24138, -0.88093
1.5517e+05, 0.24138, -0.95872
1.7241e+05, 0.24138, -1.0365
1.8966e+05, 0.24138, -1.1143
2.069e+05, 0.24138, -1.1921
2.2414e+05, 0.24138, -1.2699
2.4138e+05, 0.24138, -1.3477
2.5862e+05, 0.24138, -1.4255
2.7586e+05, 0.24138, -1.5032
2.931e+05, 0.24138, -1.581
3.1034e+05, 0.24138, -1.6588
3.2759e+05, 0.24138, -1.7366
3.4483e+05, 0.24138, -1.8144
3.6207e+05, 0.24138, -1.8922
3.7931e+05, 0.24138, -1.97
3.9655e+05, 0.24138, -2.0478
4.1379e+05, 0.24138, -2.1255
4.3103e+05, 0.24138, -2.2033
4.4828e+05, 0.24138, -2.2811
4.6552e+05, 0.24138, -2.3589
4.8276e+05, 0.24138, -2.4367
5e+05, 0.24138, -2.5145

 0, 0.27586, -0.22414
17241, 0.27586, -0.29499
34483, 0.27586, -0.36584
51724, 0.27586, -0.43669
68966, 0.27586, -0.50753
86207, 0.27586, -0.57838
1.0345e+05, 0.27586, -0.64923
1.2069e+05, 0.27586, -0.72008
1.3793e+05, 0.27586, -0.79093
1.5517e+05, 0.27586, -0.86178
1.7241e+05, 0.27586, -0.93263
1.8966e+05, 0.27586, -1.0035
2.069e+05, 0.27586, -1.0743
2.2414e+05, 0.27586, -1.1452
2.4138e+05, 0.27586, -1.216
2.5862e+05, 0.27586, -1.2869
2.7586e+05, 0.27586, -1.3577
2.931e+05, 0.27586, -1.4286
3.1034e+05, 0.27586, -1.4994
3.2759e+05, 0.27586, -1.5703
3.4483e+05, 0.27586, -1.6411
3.6207e+05, 0.27586, -1.712
3.7931e+05, 0.27586, -1.7828
3.9655e+05, 0.27586, -1.8537
4.1379e+05, 0.27586, -1.9245
4.3103e+05, 0.27586, -1.9954
4.4828e+05, 0.27586, -2.0662
4.6552e+05, 0.27586, -2.1371
4.8276e+05, 0.27586, -2.2079
5e+05, 0.27586, -2.2788

 0, 0.31034, -0.18966
17241, 0.31034, -0.25348
34483, 0.31034, -0.31731
51724, 0.31034, -0.38114
68966, 0.31034, -0.44497
86207, 0.31034, -0.50879
1.0345e+05, 0.31034, -0.57262
1.2069e+05, 0.31034, -0.63645
1.3793e+05, 0.31034, -0.70028
1.5517e+05, 0.31034, -0.76411
1.7241e+05, 0.31034, -0.82793
1.8966e+05, 0.31034, -0.89176
2.069e+05, 0.31034, -0.95559
2.2414e+05, 0.31034, -1.0194
2.4138e+05, 0.31034, -1.0832
2.5862e+05, 0.31034, -1.1471
2.7586e+05, 0.31034, -1.2109
2.931e+05, 0.31034, -1.2747
3.1034e+05, 0.31034, -1.3386
3.2759e+05, 0.31034, -1.4024
3.4483e+05, 0.31034, -1.4662
3.6207e+05, 0.31034, -1.53
3.7931e+05, 0.31034, -1.5939
3.9655e+05, 0.31034, -1.6577
4.1379e+05, 0.31034, -1.7215
4.3103e+05, 0.31034, -1.7854
4.4828e+05, 0.31034, -1.8492
4.6552e+05, 0.31034, -1.913
4.8276e+05, 0.31034, -1.9768
5e+05, 0.31034, -2.0407

 0, 0.34483, -0.15517
17241, 0.34483, -0.21194
34483, 0.34483, -0.26872
51724, 0.34483, -0.32549
68966, 0.34483, -0.38226
86207, 0.34483, -0.43903
1.0345e+05, 0.34483, -0.4958
1.2069e+05, 0.34483, -0.55258
1.3793e+05, 0.34483, -0.60935
1.5517e+05, 0.34483, -0.66612
1.7241e+05, 0.34483, -0.72289
1.8966e+05, 0.34483, -0.77966
2.069e+05, 0.34483, -0.83643
2.2414e+05, 0.34483, -0.89321
2.4138e+05, 0.34483, -0.94998
2.5862e+05, 0.34483, -1.0068
2.7586e+05, 0.34483, -1.0635
2.931e+05, 0.34483, -1.1203
3.1034e+05, 0.34483, -1.1771
3.2759e+05, 0.34483, -1.2338
3.4483e+05, 0.34483, -1.2906
3.6207e+05, 0.34483, -1.3474
3.7931e+05, 0.34483, -1.4042
3.9655e+05, 0.34483, -1.4609
4.1379e+05, 0.34483, -1.5177
4.3103e+05, 0.34483, -1.5745
4.4828e+05, 0.34483, -1.6312
4.6552e+05, 0.34483, -1.688
4.8276e+05, 0.34483, -1.7448
5e+05, 0.34483, -1.8016

 0, 0.37931, -0.12069
17241, 0.37931, -0.1704
34483, 0.37931, -0.22011
51724, 0.37931, -0.26982
68966, 0.37931, -0.31953
86207, 0.37931, -0.36924
1.0345e+05, 0.37931, -0.41895
1.2069e+05, 0.37931, -0.46866
1.3793e+05, 0.37931, -0.51837
1.5517e+05, 0.37931, -0.56808
1.7241e+05, 0.37931, -0.61779
1.8966e+05, 0.37931, -0.6675
2.069e+05, 0.37931, -0.71721
2.2414e+05, 0.37931, -0.76692
2.4138e+05, 0.37931, -0.81663
2.5862e+05, 0.37931, -0.86634
2.7586e+05, 0.37931, -0.91605
2.931e+05, 0.37931, -0.96576
3.1034e+05, 0.37931, -1.0155
3.2759e+05, 0.37931, -1.0652
3.4483e+05, 0.37931, -1.1149
3.6207e+05, 0.37931, -1.1646
3.7931e+05, 0.37931, -1.2143
3.9655e+05, 0.37931, -1.264
4.1379e+05, 0.37931, -1.3137
4.3103e+05, 0.37931, -1.3634
4.4828e+05, 0.37931, -1.4131
4.6552e+05, 0.37931, -1.4629
4.8276e+05, 0.37931, -1.5126
5e+05, 0.37931, -1.5623

 0, 0.41379, -0.086207
17241, 0.41379, -0.12887
34483, 0.41379, -0.17152
51724, 0.41379, -0.21418
68966, 0.41379, -0.25684
86207, 0.41379, -0.2995
1.0345e+05, 0.41379, -0.34216
1.2069e+05, 0.41379, -0.38481
1.3793e+05, 0.41379, -0.42747
1.5517e+05, 0.41379, -0.47013
1.7241e+05, 0.41379, -0.51279
1.8966e+05, 0.41379, -0.55545
2.069e+05, 0.41379, -0.59811
2.2414e+05, 0.41379, -0.64076
2.4138e+05, 0.41379, -0.68342
2.5862e+05, 0.41379, -0.72608
2.7586e+05, 0.41379, -0.76874
2.931e+05, 0.41379, -0.8114
3.1034e+05, 0.41379, -0.85406
3.2759e+05, 0.41379, -0.89671
3.4483e+05, 0.41379, -0.93937
3.6207e+05, 0.41379, -0.98203
3.7931e+05, 0.41379, -1.0247
3.9655e+05, 0.41379, -1.0673
4.1379e+05, 0.41379, -1.11
4.3103e+05, 0.41379, -1.1527
4.4828e+05, 0.41379, -1.1953
4.6552e+05, 0.41379, -1.238
4.8276e+05, 0.41379, -1.2806
5e+05, 0.41379, -1.3233

 0, 0.44828, -0.051724
17241, 0.44828, -0.087352
34483, 0.44828, -0.12298
51724, 0.44828, -0.15861
68966, 0.44828, -0.19424
86207, 0.44828, -0.22986
1.0345e+05, 0.44828, -0.26549
1.2069e+05, 0.44828, -0.30112
1.3793e+05, 0.44828, -0.33675
1.5517e+05, 0.44828, -0.37237
1.7241e+05, 0.44828, -0.408
1.8966e+05, 0.44828, -0.44363
2.069e+05, 0.44828, -0.47926
2.2414e+05, 0.44828, -0.51489
2.4138e+05, 0.44828, -0.55051
2.5862e+05, 0.44828, -0.58614
2.7586e+05, 0.44828, -0.62177
2.931e+05, 0.44828, -0.6574
3.1034e+05, 0.44828, -0.69302
3.2759e+05, 0.44828, -0.72865
3.4483e+05, 0.44828, -0.76428
3.6207e+05, 0.44828, -0.79991
3.7931e+05, 0.44828, -0.83554
3.9655e+05, 0.44828, -0.87116
4.1379e+05, 0.44828, -0.90679
4.3103e+05, 0.44828, -0.94242
4.4828e+05, 0.44828, -0.97805
4.6552e+05, 0.44828, -1.0137
4.8276e+05, 0.44828, -1.0493
5e+05, 0.44828, -1.0849

 0, 0.48276, -0.017241
17241, 0.48276, -0.04587
34483, 0.48276, -0.074498
51724, 0.48276, -0.10313
68966, 0.48276, -0.13175
86207, 0.48276, -0.16038
1.0345e+05, 0.48276, -0.18901
1.2069e+05, 0.48276, -0.21764
1.3793e+05, 0.48276, -0.24627
1.5517e+05, 0.48276, -0.27489
1.7241e+05, 0.48276, -0.30352
1.8966e+05, 0.48276, -0.33215
2.069e+05, 0.48276, -0.36078
2.2414e+05, 0.48276, -0.38941
2.4138e+05, 0.48276, -0.41804
2.5862e+05, 0.48276, -0.44666
2.7586e+05, 0.48276, -0.47529
2.931e+05, 0.48276, -0.50392
3.1034e+05, 0.48276, -0.53255
3.2759e+05, 0.48276, -0.56118
3.4483e+05, 0.48276, -0.5898
3.6207e+05, 0.48276, -0.61843
3.7931e+05, 0.48276, -0.64706
3.9655e+05, 0.48276, -0.67569
4.1379e+05, 0.48276, -0.70432
4.3103e+05, 0.48276, -0.73295
4.4828e+05, 0.48276, -0.76157
4.6552e+05, 0.48276, -0.7902
4.8276e+05, 0.48276, -0.81883
5e+05, 0.48276, -0.84746

 0, 0.51724, 0.017241
17241, 0.51724, -0.0044307
34483, 0.51724, -0.026103
51724, 0.51724, -0.047775
68966, 0.51724, -0.069447
86207, 0.51724, -0.091119
1.0345e+05, 0.51724, -0.11279
1.2069e+05, 0.51724, -0.13446
1.3793e+05, 0.51724, -0.15614
1.5517e+05, 0.51724, -0.17781
1.7241e+05, 0.51724, -0.19948
1.8966e+05, 0.51724, -0.22115
2.069e+05, 0.51724, -0.24282
2.2414e+05, 0.51724, -0.2645
2.4138e+05, 0.51724, -0.28617
2.5862e+05, 0.51724, -0.30784
2.7586e+05, 0.51724, -0.32951
2.931e+05, 0.51724, -0.35118
3.1034e+05, 0.51724, -0.37286
3.2759e+05, 0.51724, -0.39453
3.4483e+05, 0.51724, -0.4162
3.6207e+05, 0.51724, -0.43787
3.7931e+05, 0.51724, -0.45954
3.9655e+05, 0.51724, -0.48122
4.1379e+05, 0.51724, -0.50289
4.3103e+05, 0.51724, -0.52456
4.4828e+05, 0.51724, -0.54623
4.6552e+05, 0.51724, -0.56791
4.8276e+05, 0.51724, -0.58958
5e+05, 0.51724, -0.61125

 0, 0.55172, 0.051724
17241, 0.55172, 0.036946
34483, 0.55172, 0.022167
51724, 0.55172, 0.0073886
68966, 0.55172, -0.0073899
86207, 0.55172, -0.022168
1.0345e+05, 0.55172, -0.036947
1.2069e+05, 0.55172, -0.051726
1.3793e+05, 0.55172, -0.066504
1.5517e+05, 0.55172, -0.081283
1.7241e+05, 0.55172, -0.096061
1.8966e+05, 0.55172, -0.11084
2.069e+05, 0.55172, -0.12562
2.2414e+05, 0.55172, -0.1404
2.4138e+05, 0.55172, -0.15518
2.5862e+05, 0.55172, -0.16995
2.7586e+05, 0.55172, -0.18473
2.931e+05, 0.55172, -0.19951
3.1034e+05, 0.55172, -0.21429
3.2759e+05, 0.55172, -0.22907
3.4483e+05, 0.55172, -0.24385
3.6207e+05, 0.55172, -0.25862
3.7931e+05, 0.55172, -0.2734
3.9655e+05, 0.55172, -0.28818
4.1379e+05, 0.55172, -0.30296
4.3103e+05, 0.55172, -0.31774
4.4828e+05, 0.55172, -0.33252
4.6552e+05, 0.55172, -0.3473
4.8276e+05, 0.55172, -0.36207
5e+05, 0.55172, -0.37685

 0, 0.58621, 0.086207
17241, 0.58621, 0.078232
34483, 0.58621, 0.070258
51724, 0.58621, 0.062283
68966, 0.58621, 0.054308
86207, 0.58621, 0.046334
1.0345e+05, 0.58621, 0.038359
1.2069e+05, 0.58621, 0.030385
1.3793e+05, 0.58621, 0.02241
1.5517e+05, 0.58621, 0.014435
1.7241e+05, 0.58621, 0.0064606
1.8966e+05, 0.58621, -0.001514
2.069e+05, 0.58621, -0.0094886
2.2414e+05, 0.58621, -0.017463
2.4138e+05, 0.58621, -0.025438
2.5862e+05, 0.58621, -0.033412
2.7586e+05, 0.58621, -0.041387
2.931e+05, 0.58621, -0.049362
3.1034e+05, 0.58621, -0.057336
3.2759e+05, 0.58621, -0.065311
3.4483e+05, 0.58621, -0.073286
3.6207e+05, 0.58621, -0.08126
3.7931e+05, 0.58621, -0.089235
3.9655e+05, 0.58621, -0.097209
4.1379e+05, 0.58621, -0.10518
4.3103e+05, 0.58621, -0.11316
4.4828e+05, 0.58621, -0.12113
4.6552e+05, 0.58621, -0.12911
4.8276e+05, 0.58621, -0.13708
5e+05, 0.58621, -0.14506

 0, 0.62069, 0.12069
17241, 0.62069, 0.11939
34483, 0.62069, 0.11809
51724, 0.62069, 0.1168
68966, 0.62069, 0.1155
86207, 0.62069, 0.1142
1.0345e+05, 0.62069, 0.1129
1.2069e+05, 0.62069, 0.11161
1.3793e+05, 0.62069, 0.11031
1.5517e+05, 0.62069, 0.10901
1.7241e+05, 0.62069, 0.10771
1.8966e+05, 0.62069, 0.10642
2.069e+05, 0.62069, 0.10512
2.2414e+05, 0.62069, 0.10382
2.4138e+05, 0.62069, 0.10253
2.5862e+05, 0.62069, 0.10123
2.7586e+05, 0.62069, 0.09993
2.931e+05, 0.62069, 0.098633
3.1034e+05, 0.62069, 0.097335
3.2759e+05, 0.62069, 0.096038
3.4483e+05, 0.62069, 0.09474
3.6207e+05, 0.62069, 0.093443
3.7931e+05, 0.62069, 0.092145
3.9655e+05, 0.62069, 0.090848
4.1379e+05, 0.62069, 0.08955
4.3103e+05, 0.62069, 0.088253
4.4828e+05, 0.62069, 0.086955
4.6552e+05, 0.62069, 0.085658
4.8276e+05, 0.62069, 0.08436
5e+05, 0.62069, 0.083063

 0, 0.65517, 0.15517
17241, 0.65517, 0.16038
34483, 0.65517, 0.16558
51724, 0.65517, 0.17079
68966, 0.65517, 0.17599
86207, 0.65517, 0.1812
1.0345e+05, 0.65517, 0.1864
1.2069e+05, 0.65517, 0.19161
1.3793e+05, 0.65517, 0.19681
1.5517e+05, 0.65517, 0.20202
1.7241e+05, 0.65517, 0.20722
1.8966e+05, 0.65517, 0.21243
2.069e+05, 0.65517, 0.21764
2.2414e+05, 0.65517, 0.22284
2.4138e+05, 0.65517, 0.22805
2.5862e+05, 0.65517, 0.23325
2.7586e+05, 0.65517, 0.23846
2.931e+05, 0.65517, 0.24366
3.1034e+05, 0.65517, 0.24887
3.2759e+05, 0.65517, 0.25407
3.4483e+05, 0.65517, 0.25928
3.6207e+05, 0.65517, 0.26448
3.7931e+05, 0.65517, 0.26969
3.9655e+05, 0.65517, 0.27489
4.1379e+05, 0.65517, 0.2801
4.3103e+05, 0.65517, 0.2853
4.4828e+05, 0.65517, 0.29051
4.6552e+05, 0.65517, 0.29571
4.8276e+05, 0.65517, 0.30092
5e+05, 0.65517, 0.30612

 0, 0.68966, 0.18966
17241, 0.68966, 0.20113
34483, 0.68966, 0.21261
51724, 0.68966, 0.22408
68966, 0.68966, 0.23556
86207, 0.68966, 0.24703
1.0345e+05, 0.68966, 0.25851
1.2069e+05, 0.68966, 0.26998
1.3793e+05, 0.68966, 0.28146
1.5517e+05, 0.68966, 0.29293
1.7241e+05, 0.68966, 0.30441
1.8966e+05, 0.68966, 0.31588
2.069e+05, 0.68966, 0.32736
2.2414e+05, 0.68966, 0.33883
2.4138e+05, 0.68966, 0.35031
2.5862e+05, 0.68966, 0.36178
2.7586e+05, 0.68966, 0.37326
2.931e+05, 0.68966, 0.38473
3.1034e+05, 0.68966, 0.39621
3.2759e+05, 0.68966, 0.40768
3.4483e+05, 0.68966, 0.41916
3.6207e+05, 0.68966, 0.43064
3.7931e+05, 0.68966, 0.44211
3.9655e+05, 0.68966, 0.45359
4.1379e+05, 0.68966, 0.46506
4.3103e+05, 0.68966, 0.47654
4.4828e+05, 0.68966, 0.48801
4.6552e+05, 0.68966, 0.49949
4.8276e+05, 0.68966, 0.51096
5e+05, 0.68966, 0.52244

 0, 0.72414, 0.22414
17241, 0.72414, 0.24158
34483, 0.72414, 0.25903
51724, 0.72414, 0.27647
68966, 0.72414, 0.29391
86207, 0.72414, 0.31136
1.0345e+05, 0.72414, 0.3288
1.2069e+05, 0.72414, 0.34625
1.3793e+05, 0.72414, 0.36369
1.5517e+05, 0.72414, 0.38114
1.7241e+05, 0.72414, 0.39858
1.8966e+05, 0.72414, 0.41602
2.069e+05, 0.72414, 0.43347
2.2414e+05, 0.72414, 0.45091
2.4138e+05, 0.72414, 0.46836
2.5862e+05, 0.72414, 0.4858
2.7586e+05, 0.72414, 0.50325
2.931e+05, 0.72414, 0.52069
3.1034e+05, 0.72414, 0.53813
3.2759e+05, 0.72414, 0.55558
3.4483e+05, 0.72414, 0.57302
3.6207e+05, 0.72414, 0.59047
3.7931e+05, 0.72414, 0.60791
3.9655e+05, 0.72414, 0.62536
4.1379e+05, 0.72414, 0.6428
4.3103e+05, 0.72414, 0.66024
4.4828e+05, 0.72414, 0.67769
4.6552e+05, 0.72414, 0.69513
4.8276e+05, 0.72414, 0.71258
5e+05, 0.72414, 0.73002

0, 0.75862, 0.25862
17241, 0.75862, 0.28166
34483, 0.75862, 0.30469
51724, 0.75862, 0.32773
68966, 0.75862, 0.35076
86207, 0.75862, 0.3738
1.0345e+05, 0.75862, 0.39684
1.2069e+05, 0.75862, 0.41987
1.3793e+05, 0.75862, 0.44291
1.5517e+05, 0.75862, 0.46594
1.7241e+05, 0.75862, 0.48898
1.8966e+05, 0.75862, 0.51202
2.069e+05, 0.75862, 0.53505
2.2414e+05, 0.75862, 0.55809
2.4138e+05, 0.75862, 0.58112
2.5862e+05, 0.75862, 0.60416
2.7586e+05, 0.75862, 0.62719
2.931e+05, 0.75862, 0.65023
3.1034e+05, 0.75862, 0.67327
3.2759e+05, 0.75862, 0.6963
3.4483e+05, 0.75862, 0.71934
3.6207e+05, 0.75862, 0.74237
3.7931e+05, 0.75862, 0.76541
3.9655e+05, 0.75862, 0.78845
4.1379e+05, 0.75862, 0.81148
4.3103e+05, 0.75862, 0.83452
4.4828e+05, 0.75862, 0.85755
4.6552e+05, 0.75862, 0.88059
4.8276e+05, 0.75862, 0.90362
5e+05, 0.75862, 0.92666

 0, 0.7931, 0.2931
17241, 0.7931, 0.32127
34483, 0.7931, 0.34944
51724, 0.7931, 0.37761
68966, 0.7931, 0.40577
86207, 0.7931, 0.43394
1.0345e+05, 0.7931, 0.46211
1.2069e+05, 0.7931, 0.49028
1.3793e+05, 0.7931, 0.51845
1.5517e+05, 0.7931, 0.54661
1.7241e+05, 0.7931, 0.57478
1.8966e+05, 0.7931, 0.60295
2.069e+05, 0.7931, 0.63112
2.2414e+05, 0.7931, 0.65929
2.4138e+05, 0.7931, 0.68745
2.5862e+05, 0.7931, 0.71562
2.7586e+05, 0.7931, 0.74379
2.931e+05, 0.7931, 0.77196
3.1034e+05, 0.7931, 0.80013
3.2759e+05, 0.7931, 0.82829
3.4483e+05, 0.7931, 0.85646
3.6207e+05, 0.7931, 0.88463
3.7931e+05, 0.7931, 0.9128
3.9655e+05, 0.7931, 0.94096
4.1379e+05, 0.7931, 0.96913
4.3103e+05, 0.7931, 0.9973
4.4828e+05, 0.7931, 1.0255
4.6552e+05, 0.7931, 1.0536
4.8276e+05, 0.7931, 1.0818
5e+05, 0.7931, 1.11

 0, 0.82759, 0.32759
17241, 0.82759, 0.36034
34483, 0.82759, 0.3931
51724, 0.82759, 0.42585
68966, 0.82759, 0.45861
86207, 0.82759, 0.49137
1.0345e+05, 0.82759, 0.52412
1.2069e+05, 0.82759, 0.55688
1.3793e+05, 0.82759, 0.58963
1.5517e+05, 0.82759, 0.62239
1.7241e+05, 0.82759, 0.65515
1.8966e+05, 0.82759, 0.6879
2.069e+05, 0.82759, 0.72066
2.2414e+05, 0.82759, 0.75341
2.4138e+05, 0.82759, 0.78617
2.5862e+05, 0.82759, 0.81893
2.7586e+05, 0.82759, 0.85168
2.931e+05, 0.82759, 0.88444
3.1034e+05, 0.82759, 0.91719
3.2759e+05, 0.82759, 0.94995
3.4483e+05, 0.82759, 0.98271
3.6207e+05, 0.82759, 1.0155
3.7931e+05, 0.82759, 1.0482
3.9655e+05, 0.82759, 1.081
4.1379e+05, 0.82759, 1.1137
4.3103e+05, 0.82759, 1.1465
4.4828e+05, 0.82759, 1.1792
4.6552e+05, 0.82759, 1.212
4.8276e+05, 0.82759, 1.2448
5e+05, 0.82759, 1.2775

 0, 0.86207, 0.36207
17241, 0.86207, 0.39879
34483, 0.86207, 0.4355
51724, 0.86207, 0.47222
68966, 0.86207, 0.50894
86207, 0.86207, 0.54566
1.0345e+05, 0.86207, 0.58237
1.2069e+05, 0.86207, 0.61909
1.3793e+05, 0.86207, 0.65581
1.5517e+05, 0.86207, 0.69253
1.7241e+05, 0.86207, 0.72924
1.8966e+05, 0.86207, 0.76596
2.069e+05, 0.86207, 0.80268
2.2414e+05, 0.86207, 0.8394
2.4138e+05, 0.86207, 0.87612
2.5862e+05, 0.86207, 0.91283
2.7586e+05, 0.86207, 0.94955
2.931e+05, 0.86207, 0.98627
3.1034e+05, 0.86207, 1.023
3.2759e+05, 0.86207, 1.0597
3.4483e+05, 0.86207, 1.0964
3.6207e+05, 0.86207, 1.1331
3.7931e+05, 0.86207, 1.1699
3.9655e+05, 0.86207, 1.2066
4.1379e+05, 0.86207, 1.2433
4.3103e+05, 0.86207, 1.28
4.4828e+05, 0.86207, 1.3167
4.6552e+05, 0.86207, 1.3534
4.8276e+05, 0.86207, 1.3902
5e+05, 0.86207, 1.4269

 0, 0.89655, 0.39655
17241, 0.89655, 0.43653
34483, 0.89655, 0.47651
51724, 0.89655, 0.51648
68966, 0.89655, 0.55646
86207, 0.89655, 0.59644
1.0345e+05, 0.89655, 0.63641
1.2069e+05, 0.89655, 0.67639
1.3793e+05, 0.89655, 0.71637
1.5517e+05, 0.89655, 0.75634
1.7241e+05, 0.89655, 0.79632
1.8966e+05, 0.89655, 0.8363
2.069e+05, 0.89655, 0.87627
2.2414e+05, 0.89655, 0.91625
2.4138e+05, 0.89655, 0.95623
2.5862e+05, 0.89655, 0.99621
2.7586e+05, 0.89655, 1.0362
2.931e+05, 0.89655, 1.0762
3.1034e+05, 0.89655, 1.1161
3.2759e+05, 0.89655, 1.1561
3.4483e+05, 0.89655, 1.1961
3.6207e+05, 0.89655, 1.2361
3.7931e+05, 0.89655, 1.276
3.9655e+05, 0.89655, 1.316
4.1379e+05, 0.89655, 1.356
4.3103e+05, 0.89655, 1.396
4.4828e+05, 0.89655, 1.436
4.6552e+05, 0.89655, 1.4759
4.8276e+05, 0.89655, 1.5159
5e+05, 0.89655, 1.5559

 0, 0.93103, 0.43103
17241, 0.93103, 0.4735
34483, 0.93103, 0.51597
51724, 0.93103, 0.55844
68966, 0.93103, 0.60091
86207, 0.93103, 0.64338
1.0345e+05, 0.93103, 0.68585
1.2069e+05, 0.93103, 0.72832
1.3793e+05, 0.93103, 0.77079
1.5517e+05, 0.93103, 0.81326
1.7241e+05, 0.93103, 0.85573
1.8966e+05, 0.93103, 0.8982
2.069e+05, 0.93103, 0.94067
2.2414e+05, 0.93103, 0.98313
2.4138e+05, 0.93103, 1.0256
2.5862e+05, 0.93103, 1.0681
2.7586e+05, 0.93103, 1.1105
2.931e+05, 0.93103, 1.153
3.1034e+05, 0.93103, 1.1955
3.2759e+05, 0.93103, 1.238
3.4483e+05, 0.93103, 1.2804
3.6207e+05, 0.93103, 1.3229
3.7931e+05, 0.93103, 1.3654
3.9655e+05, 0.93103, 1.4078
4.1379e+05, 0.93103, 1.4503
4.3103e+05, 0.93103, 1.4928
4.4828e+05, 0.93103, 1.5352
4.6552e+05, 0.93103, 1.5777
4.8276e+05, 0.93103, 1.6202
5e+05, 0.93103, 1.6626

 0, 0.96552, 0.46552
17241, 0.96552, 0.50966
34483, 0.96552, 0.55381
51724, 0.96552, 0.59796
68966, 0.96552, 0.6421
86207, 0.96552, 0.68625
1.0345e+05, 0.96552, 0.73039
1.2069e+05, 0.96552, 0.77454
1.3793e+05, 0.96552, 0.81868
1.5517e+05, 0.96552, 0.86283
1.7241e+05, 0.96552, 0.90698
1.8966e+05, 0.96552, 0.95112
2.069e+05, 0.96552, 0.99527
2.2414e+05, 0.96552, 1.0394
2.4138e+05, 0.96552, 1.0836
2.5862e+05, 0.96552, 1.1277
2.7586e+05, 0.96552, 1.1719
2.931e+05, 0.96552, 1.216
3.1034e+05, 0.96552, 1.2601
3.2759e+05, 0.96552, 1.3043
3.4483e+05, 0.96552, 1.3484
3.6207e+05, 0.96552, 1.3926
3.7931e+05, 0.96552, 1.4367
3.9655e+05, 0.96552, 1.4809
4.1379e+05, 0.96552, 1.525
4.3103e+05, 0.96552, 1.5692
4.4828e+05, 0.96552, 1.6133
4.6552e+05, 0.96552, 1.6575
4.8276e+05, 0.96552, 1.7016
5e+05, 0.96552, 1.7457

0,  1, 0.5
17241,  1, 0.54498
34483,  1, 0.58996
51724,  1, 0.63493
68966,  1, 0.67991
86207,  1, 0.72489
1.0345e+05,  1, 0.76987
1.2069e+05,  1, 0.81484
1.3793e+05,  1, 0.85982
1.5517e+05,  1, 0.9048
1.7241e+05,  1, 0.94978
1.8966e+05,  1, 0.99475
2.069e+05,  1, 1.0397
2.2414e+05,  1, 1.0847
2.4138e+05,  1, 1.1297
2.5862e+05,  1, 1.1747
2.7586e+05,  1, 1.2196
2.931e+05,  1, 1.2646
3.1034e+05,  1, 1.3096
3.2759e+05,  1, 1.3546
3.4483e+05,  1, 1.3996
3.6207e+05,  1, 1.4445
3.7931e+05,  1, 1.4895
3.9655e+05,  1, 1.5345
4.1379e+05,  1, 1.5795
4.3103e+05,  1, 1.6244
4.4828e+05,  1, 1.6694
4.6552e+05,  1, 1.7144
4.8276e+05,  1, 1.7594
5e+05,  1, 1.8043
