dt, snp, Rnp
0, 0, 0
16666.6666666667, 0, -5.33333333333333
33333.3333333333, 0, -10.6666666666667
50000, 0, -16
66666.6666666667, 0, -21.3333333333333
83333.3333333333, 0, -26.6666666666667
100000, 0, -32
116666.666666667, 0, -37.3333333333333
133333.333333333, 0, -42.6666666666667
150000, 0, -48
166666.666666667, 0, -53.3333333333333
183333.333333333, 0, -58.6666666666667
200000, 0, -64
216666.666666667, 0, -69.3333333333334
233333.333333333, 0, -74.6666666666667
250000, 0, -80
266666.666666667, 0, -85.3333333333334
283333.333333333, 0, -90.6666666666667
300000, 0, -96
316666.666666667, 0, -101.333333333333
333333.333333333, 0, -106.666666666667
350000, 0, -112
366666.666666667, 0, -117.333333333333
383333.333333333, 0, -122.666666666667
400000, 0, -128
416666.666666667, 0, -133.333333333333
433333.333333333, 0, -138.666666666667
450000, 0, -144
466666.666666667, 0, -149.333333333333
483333.333333333, 0, -154.666666666667

0, 0.0344827586206897, 0.0344827586206897
16666.6666666667, 0.0344827586206897, -5.28611172120946
33333.3333333333, 0.0344827586206897, -10.6067062010396
50000, 0.0344827586206897, -15.9273006808698
66666.6666666667, 0.0344827586206897, -21.2478951606999
83333.3333333333, 0.0344827586206897, -26.5684896405301
100000, 0.0344827586206897, -31.8890841203602
116666.666666667, 0.0344827586206897, -37.2096786001904
133333.333333333, 0.0344827586206897, -42.5302730800205
150000, 0.0344827586206897, -47.8508675598507
166666.666666667, 0.0344827586206897, -53.1714620396808
183333.333333333, 0.0344827586206897, -58.492056519511
200000, 0.0344827586206897, -63.8126509993411
216666.666666667, 0.0344827586206897, -69.1332454791713
233333.333333333, 0.0344827586206897, -74.4538399590014
250000, 0.0344827586206897, -79.7744344388316
266666.666666667, 0.0344827586206897, -85.0950289186617
283333.333333333, 0.0344827586206897, -90.4156233984919
300000, 0.0344827586206897, -95.736217878322
316666.666666667, 0.0344827586206897, -101.056812358152
333333.333333333, 0.0344827586206897, -106.377406837982
350000, 0.0344827586206897, -111.698001317812
366666.666666667, 0.0344827586206897, -117.018595797643
383333.333333333, 0.0344827586206897, -122.339190277473
400000, 0.0344827586206897, -127.659784757303
416666.666666667, 0.0344827586206897, -132.980379237133
433333.333333333, 0.0344827586206897, -138.300973716963
450000, 0.0344827586206897, -143.621568196793
466666.666666667, 0.0344827586206897, -148.942162676623
483333.333333333, 0.0344827586206897, -154.262757156454

0, 0.0689655172413793, 0.0689655172413793
16666.6666666667, 0.0689655172413793, -5.20979755688322
33333.3333333333, 0.0689655172413793, -10.4885606310078
50000, 0.0689655172413793, -15.7673237051324
66666.6666666667, 0.0689655172413793, -21.046086779257
83333.3333333333, 0.0689655172413793, -26.3248498533816
100000, 0.0689655172413793, -31.6036129275062
116666.666666667, 0.0689655172413793, -36.8823760016308
133333.333333333, 0.0689655172413793, -42.1611390757555
150000, 0.0689655172413793, -47.43990214988
166666.666666667, 0.0689655172413793, -52.7186652240047
183333.333333333, 0.0689655172413793, -57.9974282981293
200000, 0.0689655172413793, -63.2761913722539
216666.666666667, 0.0689655172413793, -68.5549544463785
233333.333333333, 0.0689655172413793, -73.8337175205031
250000, 0.0689655172413793, -79.1124805946277
266666.666666667, 0.0689655172413793, -84.3912436687523
283333.333333333, 0.0689655172413793, -89.6700067428769
300000, 0.0689655172413793, -94.9487698170015
316666.666666667, 0.0689655172413793, -100.227532891126
333333.333333333, 0.0689655172413793, -105.506295965251
350000, 0.0689655172413793, -110.785059039375
366666.666666667, 0.0689655172413793, -116.0638221135
383333.333333333, 0.0689655172413793, -121.342585187624
400000, 0.0689655172413793, -126.621348261749
416666.666666667, 0.0689655172413793, -131.900111335874
433333.333333333, 0.0689655172413793, -137.178874409998
450000, 0.0689655172413793, -142.457637484123
466666.666666667, 0.0689655172413793, -147.736400558248
483333.333333333, 0.0689655172413793, -153.015163632372

0, 0.103448275862069, 0.103448275862069
16666.6666666667, 0.103448275862069, -5.0984981961574
33333.3333333333, 0.103448275862069, -10.3004446681769
50000, 0.103448275862069, -15.5023911401963
66666.6666666667, 0.103448275862069, -20.7043376122158
83333.3333333333, 0.103448275862069, -25.9062840842353
100000, 0.103448275862069, -31.1082305562547
116666.666666667, 0.103448275862069, -36.3101770282742
133333.333333333, 0.103448275862069, -41.5121235002937
150000, 0.103448275862069, -46.7140699723131
166666.666666667, 0.103448275862069, -51.9160164443326
183333.333333333, 0.103448275862069, -57.1179629163521
200000, 0.103448275862069, -62.3199093883715
216666.666666667, 0.103448275862069, -67.521855860391
233333.333333333, 0.103448275862069, -72.7238023324105
250000, 0.103448275862069, -77.9257488044299
266666.666666667, 0.103448275862069, -83.1276952764494
283333.333333333, 0.103448275862069, -88.3296417484689
300000, 0.103448275862069, -93.5315882204883
316666.666666667, 0.103448275862069, -98.7335346925078
333333.333333333, 0.103448275862069, -103.935481164527
350000, 0.103448275862069, -109.137427636547
366666.666666667, 0.103448275862069, -114.339374108566
383333.333333333, 0.103448275862069, -119.541320580586
400000, 0.103448275862069, -124.743267052605
416666.666666667, 0.103448275862069, -129.945213524625
433333.333333333, 0.103448275862069, -135.147159996644
450000, 0.103448275862069, -140.349106468664
466666.666666667, 0.103448275862069, -145.551052940683
483333.333333333, 0.103448275862069, -150.752999412702

0, 0.137931034482759, 0.137931034482759
16666.6666666667, 0.137931034482759, -4.9457923144512
33333.3333333333, 0.137931034482759, -10.0295156633852
50000, 0.137931034482759, -15.1132390123191
66666.6666666667, 0.137931034482759, -20.1969623612531
83333.3333333333, 0.137931034482759, -25.280685710187
100000, 0.137931034482759, -30.364409059121
116666.666666667, 0.137931034482759, -35.4481324080549
133333.333333333, 0.137931034482759, -40.5318557569889
150000, 0.137931034482759, -45.6155791059229
166666.666666667, 0.137931034482759, -50.6993024548568
183333.333333333, 0.137931034482759, -55.7830258037908
200000, 0.137931034482759, -60.8667491527247
216666.666666667, 0.137931034482759, -65.9504725016587
233333.333333333, 0.137931034482759, -71.0341958505927
250000, 0.137931034482759, -76.1179191995266
266666.666666667, 0.137931034482759, -81.2016425484606
283333.333333333, 0.137931034482759, -86.2853658973946
300000, 0.137931034482759, -91.3690892463285
316666.666666667, 0.137931034482759, -96.4528125952625
333333.333333333, 0.137931034482759, -101.536535944196
350000, 0.137931034482759, -106.62025929313
366666.666666667, 0.137931034482759, -111.703982642064
383333.333333333, 0.137931034482759, -116.787705990998
400000, 0.137931034482759, -121.871429339932
416666.666666667, 0.137931034482759, -126.955152688866
433333.333333333, 0.137931034482759, -132.0388760378
450000, 0.137931034482759, -137.122599386734
466666.666666667, 0.137931034482759, -142.206322735668
483333.333333333, 0.137931034482759, -147.290046084602

0, 0.172413793103448, 0.172413793103448
16666.6666666667, 0.172413793103448, -4.74494616252606
33333.3333333333, 0.172413793103448, -9.66230611815557
50000, 0.172413793103448, -14.5796660737851
66666.6666666667, 0.172413793103448, -19.4970260294146
83333.3333333333, 0.172413793103448, -24.4143859850441
100000, 0.172413793103448, -29.3317459406736
116666.666666667, 0.172413793103448, -34.2491058963031
133333.333333333, 0.172413793103448, -39.1664658519326
150000, 0.172413793103448, -44.0838258075621
166666.666666667, 0.172413793103448, -49.0011857631916
183333.333333333, 0.172413793103448, -53.9185457188211
200000, 0.172413793103448, -58.8359056744506
216666.666666667, 0.172413793103448, -63.7532656300802
233333.333333333, 0.172413793103448, -68.6706255857097
250000, 0.172413793103448, -73.5879855413392
266666.666666667, 0.172413793103448, -78.5053454969687
283333.333333333, 0.172413793103448, -83.4227054525982
300000, 0.172413793103448, -88.3400654082277
316666.666666667, 0.172413793103448, -93.2574253638572
333333.333333333, 0.172413793103448, -98.1747853194867
350000, 0.172413793103448, -103.092145275116
366666.666666667, 0.172413793103448, -108.009505230746
383333.333333333, 0.172413793103448, -112.926865186375
400000, 0.172413793103448, -117.844225142005
416666.666666667, 0.172413793103448, -122.761585097634
433333.333333333, 0.172413793103448, -127.678945053264
450000, 0.172413793103448, -132.596305008893
466666.666666667, 0.172413793103448, -137.513664964523
483333.333333333, 0.172413793103448, -142.431024920152

0, 0.206896551724138, 0.206896551724138
16666.6666666667, 0.206896551724138, -4.48926864001628
33333.3333333333, 0.206896551724138, -9.18543383175669
50000, 0.206896551724138, -13.8815990234971
66666.6666666667, 0.206896551724138, -18.5777642152375
83333.3333333333, 0.206896551724138, -23.2739294069779
100000, 0.206896551724138, -27.9700945987183
116666.666666667, 0.206896551724138, -32.6662597904588
133333.333333333, 0.206896551724138, -37.3624249821992
150000, 0.206896551724138, -42.0585901739396
166666.666666667, 0.206896551724138, -46.75475536568
183333.333333333, 0.206896551724138, -51.4509205574204
200000, 0.206896551724138, -56.1470857491608
216666.666666667, 0.206896551724138, -60.8432509409012
233333.333333333, 0.206896551724138, -65.5394161326416
250000, 0.206896551724138, -70.2355813243821
266666.666666667, 0.206896551724138, -74.9317465161225
283333.333333333, 0.206896551724138, -79.6279117078629
300000, 0.206896551724138, -84.3240768996033
316666.666666667, 0.206896551724138, -89.0202420913437
333333.333333333, 0.206896551724138, -93.7164072830841
350000, 0.206896551724138, -98.4125724748245
366666.666666667, 0.206896551724138, -103.108737666565
383333.333333333, 0.206896551724138, -107.804902858305
400000, 0.206896551724138, -112.501068050046
416666.666666667, 0.206896551724138, -117.197233241786
433333.333333333, 0.206896551724138, -121.893398433527
450000, 0.206896551724138, -126.589563625267
466666.666666667, 0.206896551724138, -131.285728817007
483333.333333333, 0.206896551724138, -135.981894008748

0, 0.241379310344828, 0.241379310344828
16666.6666666667, 0.241379310344828, -4.17262944512734
33333.3333333333, 0.241379310344828, -8.58663820059951
50000, 0.241379310344828, -13.0006469560717
66666.6666666667, 0.241379310344828, -17.4146557115439
83333.3333333333, 0.241379310344828, -21.828664467016
100000, 0.241379310344828, -26.2426732224882
116666.666666667, 0.241379310344828, -30.6566819779604
133333.333333333, 0.241379310344828, -35.0706907334325
150000, 0.241379310344828, -39.4846994889047
166666.666666667, 0.241379310344828, -43.8987082443769
183333.333333333, 0.241379310344828, -48.3127169998491
200000, 0.241379310344828, -52.7267257553212
216666.666666667, 0.241379310344828, -57.1407345107934
233333.333333333, 0.241379310344828, -61.5547432662656
250000, 0.241379310344828, -65.9687520217377
266666.666666667, 0.241379310344828, -70.3827607772099
283333.333333333, 0.241379310344828, -74.7967695326821
300000, 0.241379310344828, -79.2107782881542
316666.666666667, 0.241379310344828, -83.6247870436264
333333.333333333, 0.241379310344828, -88.0387957990986
350000, 0.241379310344828, -92.4528045545708
366666.666666667, 0.241379310344828, -96.8668133100429
383333.333333333, 0.241379310344828, -101.280822065515
400000, 0.241379310344828, -105.694830820987
416666.666666667, 0.241379310344828, -110.108839576459
433333.333333333, 0.241379310344828, -114.522848331932
450000, 0.241379310344828, -118.936857087404
466666.666666667, 0.241379310344828, -123.350865842876
483333.333333333, 0.241379310344828, -127.764874598348

0, 0.275862068965517, 0.275862068965517
16666.6666666667, 0.275862068965517, -3.79014453169455
33333.3333333333, 0.275862068965517, -7.85615113235462
50000, 0.275862068965517, -11.9221577330147
66666.6666666667, 0.275862068965517, -15.9881643336748
83333.3333333333, 0.275862068965517, -20.0541709343348
100000, 0.275862068965517, -24.1201775349949
116666.666666667, 0.275862068965517, -28.186184135655
133333.333333333, 0.275862068965517, -32.252190736315
150000, 0.275862068965517, -36.3181973369751
166666.666666667, 0.275862068965517, -40.3842039376352
183333.333333333, 0.275862068965517, -44.4502105382952
200000, 0.275862068965517, -48.5162171389553
216666.666666667, 0.275862068965517, -52.5822237396154
233333.333333333, 0.275862068965517, -56.6482303402754
250000, 0.275862068965517, -60.7142369409355
266666.666666667, 0.275862068965517, -64.7802435415956
283333.333333333, 0.275862068965517, -68.8462501422556
300000, 0.275862068965517, -72.9122567429157
316666.666666667, 0.275862068965517, -76.9782633435758
333333.333333333, 0.275862068965517, -81.0442699442358
350000, 0.275862068965517, -85.1102765448959
366666.666666667, 0.275862068965517, -89.176283145556
383333.333333333, 0.275862068965517, -93.242289746216
400000, 0.275862068965517, -97.3082963468761
416666.666666667, 0.275862068965517, -101.374302947536
433333.333333333, 0.275862068965517, -105.440309548196
450000, 0.275862068965517, -109.506316148856
466666.666666667, 0.275862068965517, -113.572322749516
483333.333333333, 0.275862068965517, -117.638329350176

0, 0.310344827586207, 0.310344827586207
16666.6666666667, 0.310344827586207, -3.33899682175544
33333.3333333333, 0.310344827586207, -6.98833847109709
50000, 0.310344827586207, -10.6376801204387
66666.6666666667, 0.310344827586207, -14.2870217697804
83333.3333333333, 0.310344827586207, -17.936363419122
100000, 0.310344827586207, -21.5857050684637
116666.666666667, 0.310344827586207, -25.2350467178053
133333.333333333, 0.310344827586207, -28.884388367147
150000, 0.310344827586207, -32.5337300164886
166666.666666667, 0.310344827586207, -36.1830716658303
183333.333333333, 0.310344827586207, -39.8324133151719
200000, 0.310344827586207, -43.4817549645136
216666.666666667, 0.310344827586207, -47.1310966138552
233333.333333333, 0.310344827586207, -50.7804382631969
250000, 0.310344827586207, -54.4297799125385
266666.666666667, 0.310344827586207, -58.0791215618802
283333.333333333, 0.310344827586207, -61.7284632112219
300000, 0.310344827586207, -65.3778048605635
316666.666666667, 0.310344827586207, -69.0271465099052
333333.333333333, 0.310344827586207, -72.6764881592468
350000, 0.310344827586207, -76.3258298085884
366666.666666667, 0.310344827586207, -79.9751714579301
383333.333333333, 0.310344827586207, -83.6245131072718
400000, 0.310344827586207, -87.2738547566134
416666.666666667, 0.310344827586207, -90.923196405955
433333.333333333, 0.310344827586207, -94.5725380552967
450000, 0.310344827586207, -98.2218797046384
466666.666666667, 0.310344827586207, -101.87122135398
483333.333333333, 0.310344827586207, -105.520563003322

0, 0.344827586206897, 0.344827586206897
16666.6666666667, 0.344827586206897, -2.81930835016331
33333.3333333333, 0.344827586206897, -5.98344428653352
50000, 0.344827586206897, -9.14758022290373
66666.6666666667, 0.344827586206897, -12.3117161592739
83333.3333333333, 0.344827586206897, -15.4758520956442
100000, 0.344827586206897, -18.6399880320144
116666.666666667, 0.344827586206897, -21.8041239683846
133333.333333333, 0.344827586206897, -24.9682599047548
150000, 0.344827586206897, -28.132395841125
166666.666666667, 0.344827586206897, -31.2965317774952
183333.333333333, 0.344827586206897, -34.4606677138654
200000, 0.344827586206897, -37.6248036502356
216666.666666667, 0.344827586206897, -40.7889395866058
233333.333333333, 0.344827586206897, -43.953075522976
250000, 0.344827586206897, -47.1172114593463
266666.666666667, 0.344827586206897, -50.2813473957165
283333.333333333, 0.344827586206897, -53.4454833320867
300000, 0.344827586206897, -56.6096192684569
316666.666666667, 0.344827586206897, -59.7737552048271
333333.333333333, 0.344827586206897, -62.9378911411973
350000, 0.344827586206897, -66.1020270775675
366666.666666667, 0.344827586206897, -69.2661630139377
383333.333333333, 0.344827586206897, -72.4302989503079
400000, 0.344827586206897, -75.5944348866781
416666.666666667, 0.344827586206897, -78.7585708230484
433333.333333333, 0.344827586206897, -81.9227067594186
450000, 0.344827586206897, -85.0868426957888
466666.666666667, 0.344827586206897, -88.250978632159
483333.333333333, 0.344827586206897, -91.4151145685292

0, 0.379310344827586, 0.379310344827586
16666.6666666667, 0.379310344827586, -2.23492186491024
33333.3333333333, 0.379310344827586, -4.84915407464807
50000, 0.379310344827586, -7.4633862843859
66666.6666666667, 0.379310344827586, -10.0776184941237
83333.3333333333, 0.379310344827586, -12.6918507038616
100000, 0.379310344827586, -15.3060829135994
116666.666666667, 0.379310344827586, -17.9203151233372
133333.333333333, 0.379310344827586, -20.534547333075
150000, 0.379310344827586, -23.1487795428129
166666.666666667, 0.379310344827586, -25.7630117525507
183333.333333333, 0.379310344827586, -28.3772439622885
200000, 0.379310344827586, -30.9914761720264
216666.666666667, 0.379310344827586, -33.6057083817642
233333.333333333, 0.379310344827586, -36.219940591502
250000, 0.379310344827586, -38.8341728012398
266666.666666667, 0.379310344827586, -41.4484050109777
283333.333333333, 0.379310344827586, -44.0626372207155
300000, 0.379310344827586, -46.6768694304533
316666.666666667, 0.379310344827586, -49.2911016401912
333333.333333333, 0.379310344827586, -51.905333849929
350000, 0.379310344827586, -54.5195660596668
366666.666666667, 0.379310344827586, -57.1337982694046
383333.333333333, 0.379310344827586, -59.7480304791425
400000, 0.379310344827586, -62.3622626888803
416666.666666667, 0.379310344827586, -64.9764948986181
433333.333333333, 0.379310344827586, -67.590727108356
450000, 0.379310344827586, -70.2049593180938
466666.666666667, 0.379310344827586, -72.8191915278316
483333.333333333, 0.379310344827586, -75.4334237375694

0, 0.413793103448276, 0.413793103448276
16666.6666666667, 0.413793103448276, -1.59390512595896
33333.3333333333, 0.413793103448276, -3.6016033553662
50000, 0.413793103448276, -5.60930158477344
66666.6666666667, 0.413793103448276, -7.61699981418068
83333.3333333333, 0.413793103448276, -9.62469804358791
100000, 0.413793103448276, -11.6323962729952
116666.666666667, 0.413793103448276, -13.6400945024024
133333.333333333, 0.413793103448276, -15.6477927318096
150000, 0.413793103448276, -17.6554909612169
166666.666666667, 0.413793103448276, -19.6631891906241
183333.333333333, 0.413793103448276, -21.6708874200313
200000, 0.413793103448276, -23.6785856494386
216666.666666667, 0.413793103448276, -25.6862838788458
233333.333333333, 0.413793103448276, -27.6939821082531
250000, 0.413793103448276, -29.7016803376603
266666.666666667, 0.413793103448276, -31.7093785670675
283333.333333333, 0.413793103448276, -33.7170767964748
300000, 0.413793103448276, -35.724775025882
316666.666666667, 0.413793103448276, -37.7324732552892
333333.333333333, 0.413793103448276, -39.7401714846965
350000, 0.413793103448276, -41.7478697141037
366666.666666667, 0.413793103448276, -43.755567943511
383333.333333333, 0.413793103448276, -45.7632661729182
400000, 0.413793103448276, -47.7709644023254
416666.666666667, 0.413793103448276, -49.7786626317327
433333.333333333, 0.413793103448276, -51.7863608611399
450000, 0.413793103448276, -53.7940590905472
466666.666666667, 0.413793103448276, -55.8017573199544
483333.333333333, 0.413793103448276, -57.8094555493616

0, 0.448275862068966, 0.448275862068966
16666.6666666667, 0.448275862068966, -0.908586883029074
33333.3333333333, 0.448275862068966, -2.26544962812711
50000, 0.448275862068966, -3.62231237322515
66666.6666666667, 0.448275862068966, -4.97917511832319
83333.3333333333, 0.448275862068966, -6.33603786342123
100000, 0.448275862068966, -7.69290060851927
116666.666666667, 0.448275862068966, -9.04976335361731
133333.333333333, 0.448275862068966, -10.4066260987153
150000, 0.448275862068966, -11.7634888438134
166666.666666667, 0.448275862068966, -13.1203515889114
183333.333333333, 0.448275862068966, -14.4772143340095
200000, 0.448275862068966, -15.8340770791075
216666.666666667, 0.448275862068966, -17.1909398242056
233333.333333333, 0.448275862068966, -18.5478025693036
250000, 0.448275862068966, -19.9046653144016
266666.666666667, 0.448275862068966, -21.2615280594997
283333.333333333, 0.448275862068966, -22.6183908045977
300000, 0.448275862068966, -23.9752535496957
316666.666666667, 0.448275862068966, -25.3321162947938
333333.333333333, 0.448275862068966, -26.6889790398918
350000, 0.448275862068966, -28.0458417849899
366666.666666667, 0.448275862068966, -29.4027045300879
383333.333333333, 0.448275862068966, -30.7595672751859
400000, 0.448275862068966, -32.116430020284
416666.666666667, 0.448275862068966, -33.473292765382
433333.333333333, 0.448275862068966, -34.8301555104801
450000, 0.448275862068966, -36.1870182555781
466666.666666667, 0.448275862068966, -37.5438810006761
483333.333333333, 0.448275862068966, -38.9007437457742

0, 0.482758620689655, 0.482758620689655
16666.6666666667, 0.482758620689655, -0.19499276490021
33333.3333333333, 0.482758620689655, -0.872744150490075
50000, 0.482758620689655, -1.55049553607994
66666.6666666667, 0.482758620689655, -2.22824692166981
83333.3333333333, 0.482758620689655, -2.90599830725967
100000, 0.482758620689655, -3.58374969284954
116666.666666667, 0.482758620689655, -4.2615010784394
133333.333333333, 0.482758620689655, -4.93925246402927
150000, 0.482758620689655, -5.61700384961913
166666.666666667, 0.482758620689655, -6.294755235209
183333.333333333, 0.482758620689655, -6.97250662079886
200000, 0.482758620689655, -7.65025800638873
216666.666666667, 0.482758620689655, -8.3280093919786
233333.333333333, 0.482758620689655, -9.00576077756846
250000, 0.482758620689655, -9.68351216315832
266666.666666667, 0.482758620689655, -10.3612635487482
283333.333333333, 0.482758620689655, -11.0390149343381
300000, 0.482758620689655, -11.7167663199279
316666.666666667, 0.482758620689655, -12.3945177055178
333333.333333333, 0.482758620689655, -13.0722690911077
350000, 0.482758620689655, -13.7500204766975
366666.666666667, 0.482758620689655, -14.4277718622874
383333.333333333, 0.482758620689655, -15.1055232478772
400000, 0.482758620689655, -15.7832746334671
416666.666666667, 0.482758620689655, -16.461026019057
433333.333333333, 0.482758620689655, -17.1387774046468
450000, 0.482758620689655, -17.8165287902367
466666.666666667, 0.482758620689655, -18.4942801758266
483333.333333333, 0.482758620689655, -19.1720315614164

0, 0.517241379310345, 0.517241379310345
16666.6666666667, 0.517241379310345, 0.528326098233545
33333.3333333333, 0.517241379310345, 0.539410817156744
50000, 0.517241379310345, 0.550495536079944
66666.6666666667, 0.517241379310345, 0.561580255003144
83333.3333333333, 0.517241379310345, 0.572664973926344
100000, 0.517241379310345, 0.583749692849543
116666.666666667, 0.517241379310345, 0.594834411772743
133333.333333333, 0.517241379310345, 0.605919130695943
150000, 0.517241379310345, 0.617003849619143
166666.666666667, 0.517241379310345, 0.628088568542343
183333.333333333, 0.517241379310345, 0.639173287465542
200000, 0.517241379310345, 0.650258006388742
216666.666666667, 0.517241379310345, 0.661342725311942
233333.333333333, 0.517241379310345, 0.672427444235142
250000, 0.517241379310345, 0.683512163158341
266666.666666667, 0.517241379310345, 0.694596882081541
283333.333333333, 0.517241379310345, 0.705681601004741
300000, 0.517241379310345, 0.716766319927941
316666.666666667, 0.517241379310345, 0.727851038851141
333333.333333333, 0.517241379310345, 0.73893575777434
350000, 0.517241379310345, 0.75002047669754
366666.666666667, 0.517241379310345, 0.76110519562074
383333.333333333, 0.517241379310345, 0.77218991454394
400000, 0.517241379310345, 0.783274633467139
416666.666666667, 0.517241379310345, 0.794359352390339
433333.333333333, 0.517241379310345, 0.805444071313539
450000, 0.517241379310345, 0.816528790236739
466666.666666667, 0.517241379310345, 0.827613509159938
483333.333333333, 0.517241379310345, 0.838698228083138

0, 0.551724137931034, 0.551724137931034
16666.6666666667, 0.551724137931034, 1.24192021636241
33333.3333333333, 0.551724137931034, 1.93211629479378
50000, 0.551724137931034, 2.62231237322515
66666.6666666667, 0.551724137931034, 3.31250845165652
83333.3333333333, 0.551724137931034, 4.00270453008789
100000, 0.551724137931034, 4.69290060851927
116666.666666667, 0.551724137931034, 5.38309668695064
133333.333333333, 0.551724137931034, 6.07329276538201
150000, 0.551724137931034, 6.76348884381338
166666.666666667, 0.551724137931034, 7.45368492224476
183333.333333333, 0.551724137931034, 8.14388100067613
200000, 0.551724137931034, 8.8340770791075
216666.666666667, 0.551724137931034, 9.52427315753887
233333.333333333, 0.551724137931034, 10.2144692359702
250000, 0.551724137931034, 10.9046653144016
266666.666666667, 0.551724137931034, 11.594861392833
283333.333333333, 0.551724137931034, 12.2850574712644
300000, 0.551724137931034, 12.9752535496957
316666.666666667, 0.551724137931034, 13.6654496281271
333333.333333333, 0.551724137931034, 14.3556457065585
350000, 0.551724137931034, 15.0458417849898
366666.666666667, 0.551724137931034, 15.7360378634212
383333.333333333, 0.551724137931034, 16.4262339418526
400000, 0.551724137931034, 17.116430020284
416666.666666667, 0.551724137931034, 17.8066260987153
433333.333333333, 0.551724137931034, 18.4968221771467
450000, 0.551724137931034, 19.1870182555781
466666.666666667, 0.551724137931034, 19.8772143340095
483333.333333333, 0.551724137931034, 20.5674104124408

0, 0.586206896551724, 0.586206896551724
16666.6666666667, 0.586206896551724, 1.92723845929229
33333.3333333333, 0.586206896551724, 3.26827002203286
50000, 0.586206896551724, 4.60930158477343
66666.6666666667, 0.586206896551724, 5.950333147514
83333.3333333333, 0.586206896551724, 7.29136471025457
100000, 0.586206896551724, 8.63239627299514
116666.666666667, 0.586206896551724, 9.97342783573571
133333.333333333, 0.586206896551724, 11.3144593984763
150000, 0.586206896551724, 12.6554909612168
166666.666666667, 0.586206896551724, 13.9965225239574
183333.333333333, 0.586206896551724, 15.337554086698
200000, 0.586206896551724, 16.6785856494386
216666.666666667, 0.586206896551724, 18.0196172121791
233333.333333333, 0.586206896551724, 19.3606487749197
250000, 0.586206896551724, 20.7016803376603
266666.666666667, 0.586206896551724, 22.0427119004008
283333.333333333, 0.586206896551724, 23.3837434631414
300000, 0.586206896551724, 24.724775025882
316666.666666667, 0.586206896551724, 26.0658065886225
333333.333333333, 0.586206896551724, 27.4068381513631
350000, 0.586206896551724, 28.7478697141037
366666.666666667, 0.586206896551724, 30.0889012768442
383333.333333333, 0.586206896551724, 31.4299328395848
400000, 0.586206896551724, 32.7709644023254
416666.666666667, 0.586206896551724, 34.111995965066
433333.333333333, 0.586206896551724, 35.4530275278065
450000, 0.586206896551724, 36.7940590905471
466666.666666667, 0.586206896551724, 38.1350906532877
483333.333333333, 0.586206896551724, 39.4761222160282

0, 0.620689655172414, 0.620689655172414
16666.6666666667, 0.620689655172414, 2.56825519824358
33333.3333333333, 0.620689655172414, 4.51582074131474
50000, 0.620689655172414, 6.4633862843859
66666.6666666667, 0.620689655172414, 8.41095182745707
83333.3333333333, 0.620689655172414, 10.3585173705282
100000, 0.620689655172414, 12.3060829135994
116666.666666667, 0.620689655172414, 14.2536484566706
133333.333333333, 0.620689655172414, 16.2012139997417
150000, 0.620689655172414, 18.1487795428129
166666.666666667, 0.620689655172414, 20.096345085884
183333.333333333, 0.620689655172414, 22.0439106289552
200000, 0.620689655172414, 23.9914761720264
216666.666666667, 0.620689655172414, 25.9390417150975
233333.333333333, 0.620689655172414, 27.8866072581687
250000, 0.620689655172414, 29.8341728012399
266666.666666667, 0.620689655172414, 31.781738344311
283333.333333333, 0.620689655172414, 33.7293038873822
300000, 0.620689655172414, 35.6768694304533
316666.666666667, 0.620689655172414, 37.6244349735245
333333.333333333, 0.620689655172414, 39.5720005165957
350000, 0.620689655172414, 41.5195660596668
366666.666666667, 0.620689655172414, 43.467131602738
383333.333333333, 0.620689655172414, 45.4146971458092
400000, 0.620689655172414, 47.3622626888803
416666.666666667, 0.620689655172414, 49.3098282319515
433333.333333333, 0.620689655172414, 51.2573937750226
450000, 0.620689655172414, 53.2049593180938
466666.666666667, 0.620689655172414, 55.152524861165
483333.333333333, 0.620689655172414, 57.1000904042361

0, 0.655172413793103, 0.655172413793103
16666.6666666667, 0.655172413793103, 3.15264168349665
33333.3333333333, 0.655172413793103, 5.65011095320019
50000, 0.655172413793103, 8.14758022290373
66666.6666666667, 0.655172413793103, 10.6450494926073
83333.3333333333, 0.655172413793103, 13.1425187623108
100000, 0.655172413793103, 15.6399880320144
116666.666666667, 0.655172413793103, 18.1374573017179
133333.333333333, 0.655172413793103, 20.6349265714214
150000, 0.655172413793103, 23.132395841125
166666.666666667, 0.655172413793103, 25.6298651108285
183333.333333333, 0.655172413793103, 28.1273343805321
200000, 0.655172413793103, 30.6248036502356
216666.666666667, 0.655172413793103, 33.1222729199392
233333.333333333, 0.655172413793103, 35.6197421896427
250000, 0.655172413793103, 38.1172114593462
266666.666666667, 0.655172413793103, 40.6146807290498
283333.333333333, 0.655172413793103, 43.1121499987533
300000, 0.655172413793103, 45.6096192684569
316666.666666667, 0.655172413793103, 48.1070885381604
333333.333333333, 0.655172413793103, 50.604557807864
350000, 0.655172413793103, 53.1020270775675
366666.666666667, 0.655172413793103, 55.599496347271
383333.333333333, 0.655172413793103, 58.0969656169746
400000, 0.655172413793103, 60.5944348866781
416666.666666667, 0.655172413793103, 63.0919041563817
433333.333333333, 0.655172413793103, 65.5893734260852
450000, 0.655172413793103, 68.0868426957888
466666.666666667, 0.655172413793103, 70.5843119654923
483333.333333333, 0.655172413793103, 73.0817812351958

0, 0.689655172413793, 0.689655172413793
16666.6666666667, 0.689655172413793, 3.67233015508878
33333.3333333333, 0.689655172413793, 6.65500513776376
50000, 0.689655172413793, 9.63768012043874
66666.6666666667, 0.689655172413793, 12.6203551031137
83333.3333333333, 0.689655172413793, 15.6030300857887
100000, 0.689655172413793, 18.5857050684637
116666.666666667, 0.689655172413793, 21.5683800511387
133333.333333333, 0.689655172413793, 24.5510550338137
150000, 0.689655172413793, 27.5337300164886
166666.666666667, 0.689655172413793, 30.5164049991636
183333.333333333, 0.689655172413793, 33.4990799818386
200000, 0.689655172413793, 36.4817549645136
216666.666666667, 0.689655172413793, 39.4644299471886
233333.333333333, 0.689655172413793, 42.4471049298636
250000, 0.689655172413793, 45.4297799125385
266666.666666667, 0.689655172413793, 48.4124548952135
283333.333333333, 0.689655172413793, 51.3951298778885
300000, 0.689655172413793, 54.3778048605635
316666.666666667, 0.689655172413793, 57.3604798432385
333333.333333333, 0.689655172413793, 60.3431548259135
350000, 0.689655172413793, 63.3258298085884
366666.666666667, 0.689655172413793, 66.3085047912634
383333.333333333, 0.689655172413793, 69.2911797739384
400000, 0.689655172413793, 72.2738547566134
416666.666666667, 0.689655172413793, 75.2565297392884
433333.333333333, 0.689655172413793, 78.2392047219634
450000, 0.689655172413793, 81.2218797046384
466666.666666667, 0.689655172413793, 84.2045546873133
483333.333333333, 0.689655172413793, 87.1872296699883

0, 0.724137931034483, 0.724137931034483
16666.6666666667, 0.724137931034483, 4.12347786502788
33333.3333333333, 0.724137931034483, 7.52281779902128
50000, 0.724137931034483, 10.9221577330147
66666.6666666667, 0.724137931034483, 14.3214976670081
83333.3333333333, 0.724137931034483, 17.7208376010015
100000, 0.724137931034483, 21.1201775349949
116666.666666667, 0.724137931034483, 24.5195174689883
133333.333333333, 0.724137931034483, 27.9188574029817
150000, 0.724137931034483, 31.3181973369751
166666.666666667, 0.724137931034483, 34.7175372709685
183333.333333333, 0.724137931034483, 38.1168772049619
200000, 0.724137931034483, 41.5162171389553
216666.666666667, 0.724137931034483, 44.9155570729487
233333.333333333, 0.724137931034483, 48.3148970069421
250000, 0.724137931034483, 51.7142369409355
266666.666666667, 0.724137931034483, 55.1135768749289
283333.333333333, 0.724137931034483, 58.5129168089223
300000, 0.724137931034483, 61.9122567429157
316666.666666667, 0.724137931034483, 65.3115966769091
333333.333333333, 0.724137931034483, 68.7109366109025
350000, 0.724137931034483, 72.1102765448959
366666.666666667, 0.724137931034483, 75.5096164788893
383333.333333333, 0.724137931034483, 78.9089564128827
400000, 0.724137931034483, 82.3082963468761
416666.666666667, 0.724137931034483, 85.7076362808695
433333.333333333, 0.724137931034483, 89.1069762148629
450000, 0.724137931034483, 92.5063161488563
466666.666666667, 0.724137931034483, 95.9056560828497
483333.333333333, 0.724137931034483, 99.3049960168431

0, 0.758620689655172, 0.758620689655172
16666.6666666667, 0.758620689655172, 4.50596277846067
33333.3333333333, 0.758620689655172, 8.25330486726618
50000, 0.758620689655172, 12.0006469560717
66666.6666666667, 0.758620689655172, 15.7479890448772
83333.3333333333, 0.758620689655172, 19.4953311336827
100000, 0.758620689655172, 23.2426732224882
116666.666666667, 0.758620689655172, 26.9900153112937
133333.333333333, 0.758620689655172, 30.7373574000992
150000, 0.758620689655172, 34.4846994889047
166666.666666667, 0.758620689655172, 38.2320415777102
183333.333333333, 0.758620689655172, 41.9793836665157
200000, 0.758620689655172, 45.7267257553212
216666.666666667, 0.758620689655172, 49.4740678441267
233333.333333333, 0.758620689655172, 53.2214099329322
250000, 0.758620689655172, 56.9687520217377
266666.666666667, 0.758620689655172, 60.7160941105432
283333.333333333, 0.758620689655172, 64.4634361993487
300000, 0.758620689655172, 68.2107782881542
316666.666666667, 0.758620689655172, 71.9581203769597
333333.333333333, 0.758620689655172, 75.7054624657652
350000, 0.758620689655172, 79.4528045545707
366666.666666667, 0.758620689655172, 83.2001466433762
383333.333333333, 0.758620689655172, 86.9474887321817
400000, 0.758620689655172, 90.6948308209872
416666.666666667, 0.758620689655172, 94.4421729097927
433333.333333333, 0.758620689655172, 98.1895149985982
450000, 0.758620689655172, 101.936857087404
466666.666666667, 0.758620689655172, 105.684199176209
483333.333333333, 0.758620689655172, 109.431541265015

0, 0.793103448275862, 0.793103448275862
16666.6666666667, 0.793103448275862, 4.82260197334961
33333.3333333333, 0.793103448275862, 8.85210049842336
50000, 0.793103448275862, 12.8815990234971
66666.6666666667, 0.793103448275862, 16.9110975485709
83333.3333333333, 0.793103448275862, 20.9405960736446
100000, 0.793103448275862, 24.9700945987183
116666.666666667, 0.793103448275862, 28.9995931237921
133333.333333333, 0.793103448275862, 33.0290916488658
150000, 0.793103448275862, 37.0585901739396
166666.666666667, 0.793103448275862, 41.0880886990133
183333.333333333, 0.793103448275862, 45.1175872240871
200000, 0.793103448275862, 49.1470857491608
216666.666666667, 0.793103448275862, 53.1765842742346
233333.333333333, 0.793103448275862, 57.2060827993083
250000, 0.793103448275862, 61.2355813243821
266666.666666667, 0.793103448275862, 65.2650798494558
283333.333333333, 0.793103448275862, 69.2945783745296
300000, 0.793103448275862, 73.3240768996033
316666.666666667, 0.793103448275862, 77.3535754246771
333333.333333333, 0.793103448275862, 81.3830739497508
350000, 0.793103448275862, 85.4125724748245
366666.666666667, 0.793103448275862, 89.4420709998983
383333.333333333, 0.793103448275862, 93.4715695249721
400000, 0.793103448275862, 97.5010680500458
416666.666666667, 0.793103448275862, 101.53056657512
433333.333333333, 0.793103448275862, 105.560065100193
450000, 0.793103448275862, 109.589563625267
466666.666666667, 0.793103448275862, 113.619062150341
483333.333333333, 0.793103448275862, 117.648560675415

0, 0.827586206896552, 0.827586206896552
16666.6666666667, 0.827586206896552, 5.07827949585939
33333.3333333333, 0.827586206896552, 9.32897278482223
50000, 0.827586206896552, 13.5796660737851
66666.6666666667, 0.827586206896552, 17.8303593627479
83333.3333333333, 0.827586206896552, 22.0810526517108
100000, 0.827586206896552, 26.3317459406736
116666.666666667, 0.827586206896552, 30.5824392296364
133333.333333333, 0.827586206896552, 34.8331325185993
150000, 0.827586206896552, 39.0838258075621
166666.666666667, 0.827586206896552, 43.334519096525
183333.333333333, 0.827586206896552, 47.5852123854878
200000, 0.827586206896552, 51.8359056744506
216666.666666667, 0.827586206896552, 56.0865989634135
233333.333333333, 0.827586206896552, 60.3372922523763
250000, 0.827586206896552, 64.5879855413392
266666.666666667, 0.827586206896552, 68.838678830302
283333.333333333, 0.827586206896552, 73.0893721192649
300000, 0.827586206896552, 77.3400654082277
316666.666666667, 0.827586206896552, 81.5907586971905
333333.333333333, 0.827586206896552, 85.8414519861534
350000, 0.827586206896552, 90.0921452751162
366666.666666667, 0.827586206896552, 94.342838564079
383333.333333333, 0.827586206896552, 98.5935318530419
400000, 0.827586206896552, 102.844225142005
416666.666666667, 0.827586206896552, 107.094918430968
433333.333333333, 0.827586206896552, 111.34561171993
450000, 0.827586206896552, 115.596305008893
466666.666666667, 0.827586206896552, 119.846998297856
483333.333333333, 0.827586206896552, 124.097691586819

0, 0.862068965517241, 0.862068965517241
16666.6666666667, 0.862068965517241, 5.27912564778453
33333.3333333333, 0.862068965517241, 9.69618233005183
50000, 0.862068965517241, 14.1132390123191
66666.6666666667, 0.862068965517241, 18.5302956945864
83333.3333333333, 0.862068965517241, 22.9473523768537
100000, 0.862068965517241, 27.364409059121
116666.666666667, 0.862068965517241, 31.7814657413883
133333.333333333, 0.862068965517241, 36.1985224236556
150000, 0.862068965517241, 40.6155791059229
166666.666666667, 0.862068965517241, 45.0326357881902
183333.333333333, 0.862068965517241, 49.4496924704574
200000, 0.862068965517241, 53.8667491527247
216666.666666667, 0.862068965517241, 58.283805834992
233333.333333333, 0.862068965517241, 62.7008625172593
250000, 0.862068965517241, 67.1179191995266
266666.666666667, 0.862068965517241, 71.5349758817939
283333.333333333, 0.862068965517241, 75.9520325640612
300000, 0.862068965517241, 80.3690892463285
316666.666666667, 0.862068965517241, 84.7861459285958
333333.333333333, 0.862068965517241, 89.2032026108631
350000, 0.862068965517241, 93.6202592931304
366666.666666667, 0.862068965517241, 98.0373159753976
383333.333333333, 0.862068965517241, 102.454372657665
400000, 0.862068965517241, 106.871429339932
416666.666666667, 0.862068965517241, 111.2884860222
433333.333333333, 0.862068965517241, 115.705542704467
450000, 0.862068965517241, 120.122599386734
466666.666666667, 0.862068965517241, 124.539656069001
483333.333333333, 0.862068965517241, 128.956712751269

0, 0.896551724137931, 0.896551724137931
16666.6666666667, 0.896551724137931, 5.43183152949073
33333.3333333333, 0.896551724137931, 9.96711133484353
50000, 0.896551724137931, 14.5023911401963
66666.6666666667, 0.896551724137931, 19.0376709455491
83333.3333333333, 0.896551724137931, 23.5729507509019
100000, 0.896551724137931, 28.1082305562547
116666.666666667, 0.896551724137931, 32.6435103616075
133333.333333333, 0.896551724137931, 37.1787901669603
150000, 0.896551724137931, 41.7140699723131
166666.666666667, 0.896551724137931, 46.2493497776659
183333.333333333, 0.896551724137931, 50.7846295830187
200000, 0.896551724137931, 55.3199093883715
216666.666666667, 0.896551724137931, 59.8551891937243
233333.333333333, 0.896551724137931, 64.3904689990771
250000, 0.896551724137931, 68.9257488044299
266666.666666667, 0.896551724137931, 73.4610286097827
283333.333333333, 0.896551724137931, 77.9963084151355
300000, 0.896551724137931, 82.5315882204883
316666.666666667, 0.896551724137931, 87.0668680258411
333333.333333333, 0.896551724137931, 91.6021478311939
350000, 0.896551724137931, 96.1374276365467
366666.666666667, 0.896551724137931, 100.6727074419
383333.333333333, 0.896551724137931, 105.207987247252
400000, 0.896551724137931, 109.743267052605
416666.666666667, 0.896551724137931, 114.278546857958
433333.333333333, 0.896551724137931, 118.813826663311
450000, 0.896551724137931, 123.349106468664
466666.666666667, 0.896551724137931, 127.884386274016
483333.333333333, 0.896551724137931, 132.419666079369

0, 0.931034482758621, 0.931034482758621
16666.6666666667, 0.931034482758621, 5.54313089021656
33333.3333333333, 0.931034482758621, 10.1552272976745
50000, 0.931034482758621, 14.7673237051324
66666.6666666667, 0.931034482758621, 19.3794201125904
83333.3333333333, 0.931034482758621, 23.9915165200483
100000, 0.931034482758621, 28.6036129275062
116666.666666667, 0.931034482758621, 33.2157093349642
133333.333333333, 0.931034482758621, 37.8278057424221
150000, 0.931034482758621, 42.43990214988
166666.666666667, 0.931034482758621, 47.051998557338
183333.333333333, 0.931034482758621, 51.6640949647959
200000, 0.931034482758621, 56.2761913722538
216666.666666667, 0.931034482758621, 60.8882877797118
233333.333333333, 0.931034482758621, 65.5003841871697
250000, 0.931034482758621, 70.1124805946276
266666.666666667, 0.931034482758621, 74.7245770020856
283333.333333333, 0.931034482758621, 79.3366734095435
300000, 0.931034482758621, 83.9487698170014
316666.666666667, 0.931034482758621, 88.5608662244594
333333.333333333, 0.931034482758621, 93.1729626319173
350000, 0.931034482758621, 97.7850590393752
366666.666666667, 0.931034482758621, 102.397155446833
383333.333333333, 0.931034482758621, 107.009251854291
400000, 0.931034482758621, 111.621348261749
416666.666666667, 0.931034482758621, 116.233444669207
433333.333333333, 0.931034482758621, 120.845541076665
450000, 0.931034482758621, 125.457637484123
466666.666666667, 0.931034482758621, 130.069733891581
483333.333333333, 0.931034482758621, 134.681830299039

0, 0.96551724137931, 0.96551724137931
16666.6666666667, 0.96551724137931, 5.61944505454279
33333.3333333333, 0.96551724137931, 10.2733728677063
50000, 0.96551724137931, 14.9273006808698
66666.6666666667, 0.96551724137931, 19.5812284940332
83333.3333333333, 0.96551724137931, 24.2351563071967
100000, 0.96551724137931, 28.8890841203602
116666.666666667, 0.96551724137931, 33.5430119335237
133333.333333333, 0.96551724137931, 38.1969397466872
150000, 0.96551724137931, 42.8508675598507
166666.666666667, 0.96551724137931, 47.5047953730141
183333.333333333, 0.96551724137931, 52.1587231861776
200000, 0.96551724137931, 56.8126509993411
216666.666666667, 0.96551724137931, 61.4665788125046
233333.333333333, 0.96551724137931, 66.1205066256681
250000, 0.96551724137931, 70.7744344388316
266666.666666667, 0.96551724137931, 75.4283622519951
283333.333333333, 0.96551724137931, 80.0822900651585
300000, 0.96551724137931, 84.736217878322
316666.666666667, 0.96551724137931, 89.3901456914855
333333.333333333, 0.96551724137931, 94.044073504649
350000, 0.96551724137931, 98.6980013178125
366666.666666667, 0.96551724137931, 103.351929130976
383333.333333333, 0.96551724137931, 108.005856944139
400000, 0.96551724137931, 112.659784757303
416666.666666667, 0.96551724137931, 117.313712570466
433333.333333333, 0.96551724137931, 121.96764038363
450000, 0.96551724137931, 126.621568196793
466666.666666667, 0.96551724137931, 131.275496009957
483333.333333333, 0.96551724137931, 135.92942382312

0, 1, 1
16666.6666666667, 1, 5.66666666666667
33333.3333333333, 1, 10.3333333333333
50000, 1, 15
66666.6666666667, 1, 19.6666666666667
83333.3333333333, 1, 24.3333333333333
100000, 1, 29
116666.666666667, 1, 33.6666666666667
133333.333333333, 1, 38.3333333333333
150000, 1, 43
166666.666666667, 1, 47.6666666666667
183333.333333333, 1, 52.3333333333333
200000, 1, 57
216666.666666667, 1, 61.6666666666667
233333.333333333, 1, 66.3333333333333
250000, 1, 71
266666.666666667, 1, 75.6666666666667
283333.333333333, 1, 80.3333333333334
300000, 1, 85
316666.666666667, 1, 89.6666666666667
333333.333333333, 1, 94.3333333333334
350000, 1, 99
366666.666666667, 1, 103.666666666667
383333.333333333, 1, 108.333333333333
400000, 1, 113
416666.666666667, 1, 117.666666666667
433333.333333333, 1, 122.333333333333
450000, 1, 127
466666.666666667, 1, 131.666666666667
483333.333333333, 1, 136.333333333333

