0 0 0 0 0 0
0 0 0 0 0 0
0 0 0 0 0 0
0 0 0 0 0 0
0 0 0 0 0 0
0 0 0 0 0 0
0 0 0 0 0 0
0 0 0 0 0 0
0 0 0 0 0 0
0 0 0 0 0 0
0 0 0 0 0 0
0 0 0 0 0 0
0 0 0 0 0 0
0 0 0 0 0 0
0 0 0 0 0 0
0 0 0 0 0 0
0 0 0 0 0 0
0 0 0 0 0 0
0 0 0 0 0 0
0 0 0 0 0 0
0 0 0 0 0 0
0 0 0 0 0 0
0 0 0 0 0 0
0 0 0 0 0 0
0 0 0 0 0 0
0 0 0 0 0 0
0 0 0 0 0 0
0 0 0 0 0 0
0 0 0 0 0 0
0 0 0 0 0 0
0 0 0 0 0 0
0 0 0 0 0 0
0 0 0 0 0 0
0 0 0 0 0 0
0 0 0 0 0 0
0 0 0 0 0 0
0 0 0 0 0 0
0 0 0 0 0 0
0 0 0 0 0 0
0 0 0 0 0 0
0 0 0 0 0 0
0 0 0 0 0 0
0 0 0 0 0 0
0 0 0 0 0 0
0 0 0 0 0 0
0 0 0 0 0 0
0 0 0 0 0 0
0 0 0 0 0 0
0 0 0 0 0 0
0 0 0 0 0 0
0 0 0 0 0 0
0 0 0 0 0 0
0 0 0 0 0 0
0 0 0 0 0 0
0 0 0 0 0 0
0 0 0 0 0 0
0 0 0 0 0 0
0 0 0 0 0 0
0 0 0 0 0 0
0 0 0 0 0 0
0 0 0 0 0 0
0 0 0 0 0 0
0 0 0 0 0 0
0 0 0 0 0 0
0 0 0 0 0 0
0 0 0 0 0 0
0 0 0 0 0 0
0 0 0 0 0 0
0 0 0 0 0 0
0 0 0 0 0 0
0 0 0 0 0 0
0 0 0 0 0 0
0 0 0 0 0 0
0 0 0 0 0 0
0 0 0 0 0 0
0 0 0 0 0 0
0 0 0 0 0 0
0 0 0 0 0 0
0 0 0 0 0 0
0 0 0 0 0 0
0 0 0 0 0 0
0 0 0 0 0 0
0 0 0 0 0 0
0 0 0 0 0 0
0 0 0 0 0 0
0 0 0 0 0 0
0 0 0 0 0 0
0 0 0 0 0 0
0 0 0 0 0 0
0 0 0 0 0 0
0 0 0 0 0 0
0 0 0 0 0 0
0 0 0 0 0 0
0 0 0 0 0 0
0 0 0 0 0 0
0 0 0 0 0 0
0 0 0 0 0 0
0 0 0 0 0 0
0 0 0 0 0 0
0 0 0 0 0 0
0 0 0 0 0 0
0 0 0 0 0 0
0 0 0 0 0 0
0 0 0 0 0 0
0 0 0 0 0 0
0 0 0 0 0 0
0 0 0 0 0 0
0 0 0 0 0 0
0 0 0 0 0 0
0 0 0 0 0 0
0 0 0 0 0 0
0 0 0 0 0 0
0 0 0 0 0 0
0 0 0 0 0 0
0 0 0 0 0 0
0 0 0 0 0 0
0 0 0 0 0 0
0 0 0 0 0 0
0 0 0 0 0 0
0 0 0 0 0 0
0 0 0 0 0 0
0 0 0 0 0 0
0 0 0 0 0 0
0 0 0 0 0 0
0 0 0 0 0 0
0 0 0 0 0 0
0 0 0 0 0 0
0 0 0 0 0 0
0 0 0 0 0 0
0 0 0 0 0 0
0 0 0 0 0 0
0 0 0 0 0 0
0 0 0 0 0 0
0 0 0 0 0 0
0 0 0 0 0 0
0 0 0 0 0 0
0 0 0 0 0 0
0 0 0 0 0 0
0 0 0 0 0 0
0 0 0 0 0 0
0 0 0 0 0 0
0 0 0 0 0 0
0 0 0 0 0 0
0 0 0 0 0 0
0 0 0 0 0 0
0 0 0 0 0 0
0 0 0 0 0 0
0 0 0 0 0 0
0 0 0 0 0 0
0 0 0 0 0 0
0 0 0 0 0 0
0 0 0 0 0 0
0 0 0 0 0 0
0 0 0 0 0 0
0 0 0 0 0 0
0 0 0 0 0 0
0 0 0 0 0 0
0 0 0 0 0 0
0 0 0 0 0 0
0 0 0 0 0 0
0 0 0 0 0 0
0 0 0 0 0 0
0 0 0 0 0 0
0 0 0 0 0 0
0 0 0 0 0 0
0 0 0 0 0 0
0 0 0 0 0 0
0 0 0 0 0 0
0 0 0 0 0 0
0 0 0 0 0 0
0 0 0 0 0 0
0 0 0 0 0 0
0 0 0 0 0 0
0 0 0 0 0 0
0 0 0 0 0 0
0 0 0 0 0 0
0 0 0 0 0 0
0 0 0 0 0 0
0 0 0 0 0 0
0 0 0 0 0 0
0 0 0 0 0 0
0 0 0 0 0 0
0 0 0 0 0 0
0 0 0 0 0 0
0 0 0 0 0 0
0 0 0 0 0 0
0 0 0 0 0 0
0 0 0 0 0 0
0 0 0 0 0 0
0 0 0 0 0 0
0 0 0 0 0 0
0 0 0 0 0 0
0 0 0 0 0 0
0 0 0 0 0 0
0 0 0 0 0 0
0 0 0 0 0 0
0 0 0 0 0 0
0 0 0 0 0 0
0 0 0 0 0 0
0 0 0 0 0 0
0 0 0 0 0 0
0 0 0 0 0 0
0 0 0 0 0 0
0 0 0 0 0 0
0 0 0 0 0 0
0 0 0 0 0 0
0 0 0 0 0 0
0 0 0 0 0 0
0 0 0 0 0 0
0 0 0 0 0 0
0 0 0 0 0 0
0 0 0 0 0 0
0 0 0 0 0 0
0 0 0 0 0 0
0 0 0 0 0 0
0 0 0 0 0 0
0 0 0 0 0 0
0 0 0 0 0 0
0 0 0 0 0 0
0 0 0 0 0 0
0 0 0 0 0 0
0 0 0 0 0 0
0 0 0 0 0 0
0 0 0 0 0 0
0 0 0 0 0 0
0 0 0 0 0 0
0 0 0 0 0 0
0 0 0 0 0 0
0 0 0 0 0 0
0 0 0 0 0 0
0 0 0 0 0 0
0 0 0 0 0 0
0 0 7.8328e-10 0 7.8328e-10 7.8328e-10
0 0 7.8328e-10 0 7.8328e-10 7.8328e-10
0 0 1.199e-09 0 1.199e-09 1.199e-09
0 0 1.199e-09 0 1.199e-09 1.199e-09
0 0 2.9164e-09 0 2.9164e-09 2.9164e-09
0 0 2.9164e-09 0 2.9164e-09 2.9164e-09
0 0 3.7833e-09 0 3.7833e-09 3.7833e-09
0 0 3.7833e-09 0 3.7833e-09 3.7833e-09
0 0 6.0577e-09 0 6.0577e-09 6.0577e-09
0 0 6.0577e-09 0 6.0577e-09 6.0577e-09
0 0 1.1744e-08 0 1.1744e-08 1.1744e-08
0 0 1.1744e-08 0 1.1744e-08 1.1744e-08
0 0 1.4871e-08 0 1.4871e-08 1.4871e-08
0 0 1.4871e-08 0 1.4871e-08 1.4871e-08
0 0 2.8628e-08 0 2.8628e-08 2.8628e-08
0 0 2.8628e-08 0 2.8628e-08 2.8628e-08
0 0 5.4192e-08 0 5.4192e-08 5.4192e-08
0 0 5.4192e-08 0 5.4192e-08 5.4192e-08
0 0 1.2005e-07 0 1.2005e-07 1.2005e-07
0 0 1.2005e-07 0 1.2005e-07 1.2005e-07
0 0 1.5545e-07 0 1.5545e-07 1.5545e-07
0 0 1.5545e-07 0 1.5545e-07 1.5545e-07
0 0 1.581e-07 0 1.581e-07 1.581e-07
0 0 1.581e-07 0 1.581e-07 1.581e-07
0 0 6.172e-07 0 6.172e-07 6.172e-07
0 0 6.172e-07 0 6.172e-07 6.172e-07
0 0 6.7083e-07 0 6.7083e-07 6.7083e-07
0 0 6.7083e-07 0 6.7083e-07 6.7083e-07
0 0 7.2745e-07 0 7.2745e-07 7.2745e-07
0 0 7.2745e-07 0 7.2745e-07 7.2745e-07
0 0 7.4108e-07 0 7.4108e-07 7.4108e-07
0 0 7.4108e-07 0 7.4108e-07 7.4108e-07
0 0 1.4906e-06 0 1.4906e-06 1.4906e-06
0 0 1.913e-06 0 1.913e-06 1.913e-06
0 0 1.913e-06 0 1.913e-06 1.913e-06
0 0 2.0126e-06 0 2.0126e-06 2.0126e-06
0 0 2.0126e-06 0 2.0126e-06 2.0126e-06
0 0 2.7859e-06 0 2.7859e-06 2.7859e-06
0 0 2.7859e-06 0 2.7859e-06 2.7859e-06
0 0 4.1914e-06 0 4.1914e-06 4.1914e-06
0 0 4.1914e-06 0 4.1914e-06 4.1914e-06
0 0 5.7226e-06 0 5.7226e-06 5.7226e-06
0 0 5.7226e-06 0 5.7226e-06 5.7226e-06
0 0 8.7222e-06 0 8.7222e-06 8.7222e-06
0 0 8.7222e-06 0 8.7222e-06 8.7222e-06
0 0 1.143e-05 0 1.143e-05 1.143e-05
0 0 1.143e-05 0 1.143e-05 1.143e-05
0 0 2.1043e-05 0 2.1043e-05 2.1043e-05
0 0 2.1043e-05 0 2.1043e-05 2.1043e-05
0 0 2.2143e-05 0 2.2143e-05 2.2143e-05
0 0 2.2143e-05 0 2.2143e-05 2.2143e-05
0 0 2.3801e-05 0 2.3801e-05 2.3801e-05
0 0 2.3801e-05 0 2.3801e-05 2.3801e-05
0 0 2.5055e-05 0 2.5055e-05 2.5055e-05
0 0 2.5055e-05 0 2.5055e-05 2.5055e-05
0 0 4.2841e-05 0 4.2841e-05 4.2841e-05
0 0 4.5637e-05 0 4.5637e-05 4.5637e-05
0 0 4.5637e-05 0 4.5637e-05 4.5637e-05
0 0 7.1312e-05 0 7.1312e-05 7.1312e-05
0 0 7.1312e-05 0 7.1312e-05 7.1312e-05
0 0 7.3376e-05 0 7.3376e-05 7.3376e-05
0 0 7.3376e-05 0 7.3376e-05 7.3376e-05
0 0 7.6899e-05 0 7.6899e-05 7.6899e-05
0 0 7.6899e-05 0 7.6899e-05 7.6899e-05
0 0 0.00010692 0 0.00010692 0.00010692
0 0 0.00010692 0 0.00010692 0.00010692
0 0 0.00010973 0 0.00010973 0.00010973
0 0 0.00010973 0 0.00010973 0.00010973
0 0 0.00011315 0 0.00011315 0.00011315
0 0 0.00011315 0 0.00011315 0.00011315
0 0 0.00012586 0 0.00012586 0.00012586
0 0 0.00012586 0 0.00012586 0.00012586
0 0 0.00014024 0 0.00014024 0.00014024
0 0 0.00014024 0 0.00014024 0.00014024
0 0 0.00017577 0 0.00017577 0.00017577
0 0 0.00017577 0 0.00017577 0.00017577
0 0 0.00018228 0 0.00018228 0.00018228
0 0 0.00018228 0 0.00018228 0.00018228
0 0 0.00019517 0 0.00019517 0.00019517
0 0 0.00019517 0 0.00019517 0.00019517
0 0 0.00024614 0 0.00024614 0.00024614
0 0 0.00024614 0 0.00024614 0.00024614
0 0 0.00025131 0 0.00025131 0.00025131
0 0 0.00025131 0 0.00025131 0.00025131
0 0 0.00027921 0 0.00027921 0.00027921
0 0 0.00027921 0 0.00027921 0.00027921
0 0 0.00034445 0 0.00034445 0.00034445
0 0 0.00034445 0 0.00034445 0.00034445
0 0 0.00041905 0 0.00041905 0.00041905
0 0 0.00041905 0 0.00041905 0.00041905
0 0 0.00046476 0 0.00046476 0.00046476
0 0 0.00046476 0 0.00046476 0.00046476
0 0 0.00046936 0 0.00046936 0.00046936
0 0 0.00046936 0 0.00046936 0.00046936
0 0 0.00059509 0 0.00059509 0.00059509
0 0 0.00059509 0 0.00059509 0.00059509
0 0 0.00062343 0 0.00062343 0.00062343
0 0 0.00062343 0 0.00062343 0.00062343
0 0 0.00075006 0 0.00075006 0.00075006
0 0 0.00075006 0 0.00075006 0.00075006
0 0 0.00076461 0 0.00076461 0.00076461
0 0 0.00076461 0 0.00076461 0.00076461
0 0 0.0010262 0 0.0010262 0.0010262
0 0 0.0010262 0 0.0010262 0.0010262
0 0 0.0010868 0 0.0010868 0.0010868
0 0 0.0010868 0 0.0010868 0.0010868
0 0 0.0011983 0 0.0011983 0.0011983
0 0 0.0011983 0 0.0011983 0.0011983
0 0 0.0012338 0 0.0012338 0.0012338
0 0 0.0012338 0 0.0012338 0.0012338
0 0 0.0013376 0 0.0013376 0.0013376
0 0 0.0013376 0 0.0013376 0.0013376
0 0 0.0017529 0 0.0017529 0.0017529
0 0 0.0017529 0 0.0017529 0.0017529
0 0 0.0018481 0 0.0017661 0.0017661
0 0 0.0018481 0 0.0018481 0.0018481
0 0 0.0019001 0 0.0018481 0.0018481
0 0 0.0019001 0 0.0019001 0.0019001
0 0 0.0020259 0 0.0019001 0.0019001
0 0 0.0020259 0 0.0020259 0.0020259
0 0 0.0023694 0 0.0020259 0.0020259
0 0 0.0023694 0 0.0023694 0.0023694
0 0 0.002424 0 0.0023694 0.0023694
0 0 0.002424 0 0.002424 0.002424
0 0 0.0028667 0 0.002424 0.002424
0 0 0.0028667 0 0.0028667 0.0028667
0 0 0.0029473 0 0.0028667 0.0028667
0 0 0.0029473 0 0.0029473 0.0029473
0 0 0.0033685 0 0.0029473 0.0029473
0 0 0.0033685 0 0.0031224 0.0031224
0 0 0.0035887 0 0.0033685 0.0033685
0 0 0.0035887 0 0.0033685 0.0033685
0 0 0.0035947 0 0.0035887 0.0035887
0 0 0.0035947 0 0.0035887 0.0035887
0 0 0.004163 0 0.0035947 0.0035947
0 0 0.004163 0 0.0035947 0.0035947
0 0 0.0050225 0 0.0037455 0.0037455
0 0 0.0050225 0 0.0037455 0.0037455
0 0 0.005359 0 0.004163 0.004163
0 0 0.005359 0 0.004163 0.004163
0 0 0.005697 0 0.0050225 0.0050225
0 0 0.005697 0 0.0050225 0.0050225
0 0 0.0077168 0 0.005359 0.005359
0 0 0.0077168 0 0.005359 0.005359
0 0 0.008132 0 0.005653 0.005653
0 0 0.008132 0 0.005697 0.005697
0 0 0.008149 0 0.005697 0.005697
0 0 0.008149 0 0.0061798 0.0061798
0 0 0.0093794 0 0.0061798 0.0061798
0 0 0.0096421 0 0.0063838 0.0063838
0 0 0.0096421 0 0.0063838 0.0063838
0 0 0.010223 0 0.0064784 0.0064784
0 0 0.010223 0 0.0077168 0.0077168
0 0 0.010498 0 0.0077168 0.0077168
0 0 0.010498 0 0.0079094 0.0079094
0 0 0.012333 0 0.0079094 0.0079094
0 0 0.012333 0 0.008132 0.008132
0 0 0.01262 0 0.008132 0.008132
0 0 0.01262 0 0.008149 0.008149
0 0 0.013059 0 0.008149 0.008149
0 0 0.013059 0 0.0088729 0.0088729
0 0 0.014301 0 0.0088729 0.0088729
0 0 0.014301 0 0.0093794 0.0093794
0 0 0.015668 0 0.0094015 0.0094015
0 0 0.015668 0 0.0096421 0.0096421
0 0 0.015756 0 0.0096421 0.0096421
0 0 0.015756 0 0.0099574 0.0099574
0 0 0.015993 0 0.010188 0.010188
0 0 0.015993 0 0.010188 0.010188
0 0 0.017303 0 0.010223 0.010223
0 0 0.017488 0 0.010223 0.010223
0 0 0.017488 0 0.010383 0.010383
0 0 0.019032 0 0.010383 0.010383
0 0 0.019032 0 0.010498 0.010498
0 0 0.02067 0 0.010498 0.010498
0 0 0.02067 0 0.011661 0.011661
0 0 0.020865 0 0.011661 0.011661
0 0 0.020865 0 0.012203 0.012203
0 0 0.020909 0 0.012203 0.012203
0 0 0.020909 0 0.012333 0.012333
0 0 0.021139 0 0.012333 0.012333
0 0 0.021139 0 0.012502 0.012502
0 0 0.021284 0 0.012502 0.012502
0 0 0.021284 0 0.01262 0.01262
0 0 0.023182 0 0.01262 0.01262
0 0 0.023182 0 0.012824 0.012824
0 0 0.023884 0 0.012824 0.012824
0 0 0.023884 0 0.012958 0.012958
0 0 0.025772 0 0.012958 0.012958
0 0 0.025855 0 0.013059 0.013059
0 0 0.025855 0 0.013059 0.013059
0 0 0.026632 0 0.014216 0.014216
0 0 0.026632 0 0.014217 0.014217
0 0 0.027021 0 0.014217 0.014217
0 0 0.027021 0 0.014301 0.014301
0 0 0.030029 0 0.014301 0.014301
0 0 0.030029 0 0.014445 0.014445
0 0 0.030745 0 0.014445 0.014445
0 0 0.030745 0 0.014553 0.014553
0 0 0.031341 0 0.014553 0.014553
0 0 0.031341 0 0.015555 0.015555
0 0 0.034549 0 0.015555 0.015555
0 0 0.034549 0 0.015668 0.015668
0 0 0.036331 0 0.015668 0.015668
0 0 0.036331 0 0.015756 0.015756
0 0 0.037311 0 0.015756 0.015756
0 0 0.037311 0 0.015841 0.015841
0 0 0.041295 0 0.015993 0.015993
0 0 0.041295 0 0.015993 0.015993
0 0 0.042966 0 0.016344 0.016344
0 0 0.042966 0 0.016344 0.016344
0 0 0.043468 0 0.016444 0.016444
0 0 0.043468 0 0.016444 0.016444
0 0 0.046604 0 0.016946 0.016946
0 0 0.046604 0 0.016946 0.016946
0 0 0.05045 0 0.017173 0.017173
0 0 0.052019 0 0.017173 0.017173
0 0 0.052019 0 0.017303 0.017303
0 0 0.053114 0 0.017435 0.017435
0 0 0.053114 0 0.017488 0.017488
0 0 0.054659 0 0.017488 0.017488
0 0 0.054659 0 0.017727 0.017727
0 0 0.054978 0 0.018125 0.018125
0 0 0.054978 0 0.018125 0.018125
0 0 0.056221 0 0.018247 0.018247
0 0 0.056221 0 0.018247 0.018247
0 0 0.056476 0 0.018261 0.018261
0 0 0.056476 0 0.018533 0.018533
0 0 0.057032 0 0.018533 0.018533
0 0 0.057032 0 0.018989 0.018989
0 0 0.058857 0 0.018989 0.018989
0 0 0.058857 0 0.019032 0.019032
0 0 0.060779 0 0.019032 0.019032
0 0 0.060779 0 0.019055 0.019055
0 0 0.060964 0 0.019055 0.019055
0 0 0.060964 0 0.01934 0.01934
0 0 0.061422 0 0.01934 0.01934
0 0 0.061422 0 0.019828 0.019828
0 0 0.062666 0 0.019828 0.019828
0 0 0.062666 0 0.020105 0.020105
0 0 0.064481 0 0.020105 0.020105
0 0 0.064481 0 0.020259 0.020259
0 0 0.065409 0 0.020259 0.020259
0 0 0.065409 0 0.020652 0.020652
0 0 0.065835 0 0.020652 0.020652
0 0 0.065835 0 0.02067 0.02067
0 0 0.067236 0 0.02067 0.02067
0 0 0.067236 0 0.020751 0.020751
0 0 0.067461 0 0.020751 0.020751
0 0 0.067461 0 0.020865 0.020865
0 0 0.069113 0 0.020865 0.020865
0 0 0.069113 0 0.020909 0.020909
0 0 0.070074 0 0.020909 0.020909
0 0 0.070074 0 0.021139 0.021139
0 0 0.071203 0 0.021139 0.021139
0 0 0.071203 0 0.021284 0.021284
0 0 0.071282 0 0.021284 0.021284
0 0 0.071282 0 0.021721 0.021721
0 0 0.073895 0 0.021721 0.021721
0 0 0.073895 0 0.021882 0.021882
0 0 0.078204 0 0.022084 0.022084
0 0 0.078204 0 0.022166 0.022166
0 0 0.079546 0 0.022166 0.022166
0 0 0.079546 0 0.02231 0.02231
0 0 0.080827 0 0.02231 0.02231
0 0 0.080827 0 0.022345 0.022345
0 0 0.08227 0 0.022345 0.022345
0 0 0.08227 0 0.022415 0.022415
0 0 0.0825 0 0.022415 0.022415
0 0 0.0825 0 0.022984 0.022984
0 0 0.082821 0 0.022984 0.022984
0 0 0.082821 0 0.023136 0.023136
0 0 0.085849 0 0.023136 0.023136
0 0 0.086371 0 0.023182 0.023182
0 0 0.086371 0 0.023182 0.023182
0 0 0.087481 0 0.023307 0.023307
0 0 0.087481 0 0.023307 0.023307
0 0 0.092467 0 0.023718 0.023718
0 0 0.092467 0 0.023718 0.023718
0 0 0.092648 0 0.023884 0.023884
0 0 0.092648 0 0.023884 0.023884
0 0 0.093357 0 0.023986 0.023986
0 0 0.093357 0 0.023986 0.023986
0 0 0.095226 0 0.024087 0.024087
0 0 0.095226 0 0.024087 0.024087
0 0 0.097634 0 0.024404 0.024404
0 0 0.097634 0 0.024404 0.024404
0 0 0.098033 0 0.024818 0.024818
0 0 0.098033 0 0.024818 0.024818
0 0 0.099679 0 0.024956 0.024956
0 0 0.099679 0 0.024956 0.024956
0 0 0.1008 0 0.025231 0.025231
0 0 0.1008 0 0.025231 0.025231
0 0 0.10115 0 0.025454 0.025454
0 0 0.10115 0 0.025454 0.025454
0 0 0.10494 0 0.025595 0.025595
0 0 0.10494 0 0.025595 0.025595
0 0 0.10686 0 0.025637 0.025637
0 0 0.10686 0 0.025637 0.025637
0 0 0.10696 0 0.02576 0.02576
0 0 0.10898 0 0.025772 0.025772
0 0 0.10898 0 0.025855 0.025855
0 0 0.113 0 0.025855 0.025855
0 0 0.113 0 0.025939 0.025939
0 0 0.11358 0 0.025939 0.025939
0 0 0.11358 0 0.025955 0.025955
0 0 0.11789 0 0.025955 0.025955
0 0 0.11789 0 0.026454 0.026454
0 0 0.11992 0 0.026454 0.026454
0 0 0.11992 0 0.026539 0.026539
0 0 0.12138 0 0.026539 0.026539
0 0 0.12138 0 0.026632 0.026632
0 0 0.12254 0 0.026632 0.026632
0 0 0.12254 0 0.02702 0.02702
0 0 0.12597 0 0.02702 0.02702
0 0 0.12597 0 0.027246 0.027246
0 0 0.12877 0 0.027246 0.027246
0 0 0.12877 0 0.027435 0.027435
0 0 0.12935 0 0.027488 0.027488
0 0 0.13089 0 0.027488 0.027488
0 0 0.13089 0 0.027507 0.027507
0 0 0.13123 0 0.027507 0.027507
0 0 0.13123 0 0.027625 0.027625
0 0 0.13219 0 0.027625 0.027625
0 0 0.13219 0 0.027805 0.027805
0 0 0.13234 0 0.027805 0.027805
0 0 0.13234 0 0.027994 0.027994
0 0 0.13248 0 0.027994 0.027994
0 0 0.13248 0 0.028025 0.028025
0 0 0.13707 0 0.028065 0.028065
0 0 0.13707 0 0.028065 0.028065
0 0 0.13765 0 0.028732 0.028732
0 0 0.13765 0 0.028732 0.028732
0 0 0.14618 0 0.028856 0.028856
0 0 0.14618 0 0.028856 0.028856
0 0 0.14913 0 0.028902 0.028902
0 0 0.14913 0 0.028902 0.028902
0 0 0.15532 0 0.028931 0.028931
0 0 0.15532 0 0.028931 0.028931
0 0 0.15997 0 0.029408 0.029408
0 0 0.15997 0 0.029579 0.029579
0 0 0.16332 0 0.029579 0.029579
0 0 0.16332 0 0.029584 0.029584
0 0 0.16775 0 0.029584 0.029584
0 0 0.16775 0 0.029842 0.029842
0 0 0.17139 0 0.029842 0.029842
0 0 0.17139 0 0.030029 0.030029
0 0 0.17307 0 0.030029 0.030029
0 0 0.17307 0 0.03007 0.03007
0 0 0.17366 0 0.03007 0.03007
0 0 0.17366 0 0.030115 0.030115
0 0 0.17639 0 0.030115 0.030115
0 0 0.17685 0 0.030146 0.030146
0 0 0.17685 0 0.030146 0.030146
0 0 0.17939 0 0.030464 0.030464
0 0 0.17939 0 0.030464 0.030464
0 0 0.18129 0 0.030601 0.030601
0 0 0.18129 0 0.030601 0.030601
0 0 0.1824 0 0.030693 0.030693
0 0 0.1824 0 0.030693 0.030693
0 0 0.18691 0 0.030745 0.030745
0 0 0.18837 0 0.030745 0.030745
0 0 0.18837 0 0.030816 0.030816
0 0 0.18886 0 0.030816 0.030816
0 0 0.18886 0 0.031008 0.031008
0 0 0.196 0 0.031008 0.031008
0 0 0.196 0 0.031308 0.031308
0 0 0.19893 0 0.031308 0.031308
0 0 0.19893 0 0.031341 0.031341
0 0 0.20128 0 0.031341 0.031341
0 0 0.20128 0 0.031345 0.031345
0 0 0.20223 0 0.031345 0.031345
0 0 0.20223 0 0.031634 0.031634
0 0 0.20499 0 0.031634 0.031634
0 0 0.20499 0 0.031651 0.031651
0 0 0.20858 0 0.031651 0.031651
0 0 0.20858 0 0.032141 0.032141
0 0 0.20923 0 0.032141 0.032141
0 0 0.20923 0 0.032288 0.032288
0 0 0.21204 0 0.032288 0.032288
0 0 0.21204 0 0.032347 0.032347
0 0 0.21466 0 0.032347 0.032347
0 0 0.21466 0 0.032621 0.032621
0 0 0.21532 0 0.032795 0.032795
0 0 0.21532 0 0.032795 0.032795
0 0 0.21599 0 0.032872 0.032872
0 0 0.21599 0 0.032872 0.032872
0 0 0.22205 0 0.03293 0.03293
0 0 0.22205 0 0.03293 0.03293
0 0 0.22441 0 0.033128 0.033128
0 0 0.22441 0 0.033128 0.033128
0 0 0.22831 0 0.033171 0.033171
0 0 0.22831 0 0.033297 0.033297
0 0 0.22851 0 0.033297 0.033297
0 0 0.22851 0 0.03334 0.03334
0 0 0.22977 0 0.03334 0.03334
0 0 0.22977 0 0.033421 0.033421
0 0 0.22999 0 0.033421 0.033421
0 0 0.22999 0 0.033854 0.033854
0 0 0.23155 0 0.033854 0.033854
7.8328e-10 7.8328e-10 0.23155 0 0.033854 0.033854
7.8328e-10 7.8328e-10 0.23268 0 0.033854 0.033854
1.199e-09 1.199e-09 0.23268 0 0.034013 0.034013
1.199e-09 1.199e-09 0.23278 0 0.034013 0.034013
2.9164e-09 2.9164e-09 0.23278 0 0.034094 0.034094
2.9164e-09 2.9164e-09 0.23498 0 0.034094 0.034094
3.7833e-09 3.7833e-09 0.24094 0 0.034421 0.034421
3.7833e-09 3.7833e-09 0.24094 0 0.034421 0.034421
6.0577e-09 6.0577e-09 0.24175 0 0.034549 0.034549
6.0577e-09 6.0577e-09 0.24175 0 0.034549 0.034549
1.1744e-08 1.1744e-08 0.24239 0 0.03474 0.03474
1.1744e-08 1.1744e-08 0.24239 0 0.03474 0.03474
1.4871e-08 1.4871e-08 0.24253 0 0.034936 0.034936
1.4871e-08 1.4871e-08 0.24253 0 0.034936 0.034936
2.8628e-08 2.8628e-08 0.24402 0 0.035188 0.035188
2.8628e-08 2.8628e-08 0.24402 0 0.035188 0.035188
5.4192e-08 5.4192e-08 0.24794 0 0.03521 0.03521
5.4192e-08 5.4192e-08 0.25089 0 0.03521 0.03521
1.2005e-07 1.2005e-07 0.25089 0 0.035383 0.035383
1.2005e-07 1.2005e-07 0.25334 0 0.035383 0.035383
1.5545e-07 1.5545e-07 0.25334 0 0.035532 0.035532
1.5545e-07 1.5545e-07 0.25514 0 0.035532 0.035532
1.581e-07 1.581e-07 0.25514 0 0.035789 0.035789
1.581e-07 1.581e-07 0.25531 0 0.035789 0.035789
6.172e-07 6.172e-07 0.25531 0 0.035828 0.035828
6.172e-07 6.172e-07 0.25689 0 0.035828 0.035828
6.7083e-07 6.7083e-07 0.25689 0 0.036061 0.036061
6.7083e-07 6.7083e-07 0.25738 0 0.036061 0.036061
7.2745e-07 7.2745e-07 0.25738 0 0.036244 0.036244
7.2745e-07 7.2745e-07 0.2577 0 0.036244 0.036244
7.4108e-07 7.4108e-07 0.2577 0 0.036315 0.036315
7.4108e-07 7.4108e-07 0.25778 0 0.036315 0.036315
1.4906e-06 1.4906e-06 0.25778 0 0.036331 0.036331
1.913e-06 1.913e-06 0.25781 0 0.036331 0.036331
1.913e-06 1.913e-06 0.25781 0 0.036653 0.036653
2.0126e-06 2.0126e-06 0.25896 0 0.036653 0.036653
2.0126e-06 2.0126e-06 0.25896 0 0.036944 0.036944
2.7859e-06 2.7859e-06 0.2598 0 0.036944 0.036944
2.7859e-06 2.7859e-06 0.2598 0 0.037023 0.037023
4.1914e-06 4.1914e-06 0.26108 0 0.037023 0.037023
4.1914e-06 4.1914e-06 0.26108 0 0.037028 0.037028
5.7226e-06 5.7226e-06 0.26298 0 0.037213 0.037213
5.7226e-06 5.7226e-06 0.26298 0 0.037311 0.037311
8.7222e-06 8.7222e-06 0.26343 0 0.037311 0.037311
8.7222e-06 8.7222e-06 0.26364 0 0.037386 0.037386
1.143e-05 1.143e-05 0.26364 0 0.037386 0.037386
1.143e-05 1.143e-05 0.26446 0 0.037389 0.037389
2.1043e-05 2.1043e-05 0.26446 0 0.037389 0.037389
2.1043e-05 2.1043e-05 0.2658 0 0.037463 0.037463
2.2143e-05 2.2143e-05 0.2658 0 0.037463 0.037463
2.2143e-05 2.2143e-05 0.26635 0 0.03751 0.03751
2.3801e-05 2.3801e-05 0.26635 0 0.03751 0.03751
2.3801e-05 2.3801e-05 0.26702 0 0.037645 0.037645
2.5055e-05 2.5055e-05 0.26702 0 0.037704 0.037704
2.5055e-05 2.5055e-05 0.26735 0 0.037704 0.037704
4.2841e-05 4.2841e-05 0.26735 0 0.03792 0.03792
4.5637e-05 4.5637e-05 0.26842 0 0.03792 0.03792
4.5637e-05 4.5637e-05 0.26842 0 0.037936 0.037936
7.1312e-05 7.1312e-05 0.26898 0 0.037936 0.037936
7.1312e-05 7.1312e-05 0.26898 0 0.037948 0.037948
7.3376e-05 7.3376e-05 0.27029 0 0.037948 0.037948
7.3376e-05 7.3376e-05 0.27029 0 0.038683 0.038683
7.6899e-05 7.6899e-05 0.27101 0 0.038683 0.038683
7.6899e-05 7.6899e-05 0.27101 0 0.038748 0.038748
0.00010692 0.00010692 0.27139 0 0.038748 0.038748
0.00010692 0.00010692 0.27139 0 0.038912 0.038912
0.00010973 0.00010973 0.27184 0 0.038912 0.038912
0.00010973 0.00010973 0.27184 0 0.039088 0.039088
0.00011315 0.00011315 0.27255 0 0.039088 0.039088
0.00011315 0.00011315 0.27255 0 0.039442 0.039442
0.00012586 0.00012586 0.27293 0 0.039442 0.039442
0.00012586 0.00012586 0.27293 0 0.039451 0.039451
0.00014024 0.00014024 0.27345 0 0.039451 0.039451
0.00014024 0.00014024 0.27345 0 0.039714 0.039714
0.00017577 0.00017577 0.27386 0 0.039714 0.039714
0.00017577 0.00017577 0.27386 0 0.039826 0.039826
0.00018228 0.00018228 0.27449 0 0.039826 0.039826
0.00018228 0.00018228 0.27449 0 0.039936 0.039936
0.00019517 0.00019517 0.27508 0 0.039936 0.039936
0.00019517 0.00019517 0.27508 0 0.040139 0.040139
0.00024614 0.00024614 0.27698 0 0.040139 0.040139
0.00024614 0.00024614 0.27698 0 0.040242 0.040242
0.00025131 0.00025131 0.27986 0 0.040242 0.040242
0.00025131 0.00025131 0.27986 0 0.040252 0.040252
0.00027921 0.00027921 0.28015 0 0.040252 0.040252
0.00027921 0.00027921 0.28015 0 0.040443 0.040443
0.00034445 0.00034445 0.28045 0 0.040443 0.040443
0.00034445 0.00034445 0.28045 0 0.040572 0.040572
0.00041905 0.00041905 0.28227 0 0.040643 0.040643
0.00041905 0.00041905 0.28227 0 0.040643 0.040643
0.00046476 0.00046476 0.28272 0 0.040653 0.040653
0.00046476 0.00046476 0.28503 0 0.040653 0.040653
0.00046936 0.00046936 0.28503 0 0.040776 0.040776
0.00046936 0.00046936 0.28928 0 0.040776 0.040776
0.00059509 0.00059509 0.28928 0 0.041031 0.041031
0.00059509 0.00059509 0.28997 0 0.041031 0.041031
0.00062343 0.00062343 0.28997 0 0.041271 0.041271
0.00062343 0.00062343 0.29043 0 0.041271 0.041271
0.00075006 0.00075006 0.29043 0 0.041295 0.041295
0.00075006 0.00075006 0.29812 0 0.041295 0.041295
0.00076461 0.00076461 0.29812 0 0.041598 0.041598
0.00076461 0.00076461 0.29976 0 0.041598 0.041598
0.0010262 0.0010262 0.29976 0 0.041718 0.041718
0.0010262 0.0010262 0.30025 0 0.041858 0.041858
0.0010868 0.0010868 0.30025 0 0.041858 0.041858
0.0010868 0.0010868 0.3003 0 0.041926 0.041926
0.0011983 0.0011983 0.3003 0 0.041926 0.041926
0.0011983 0.0011983 0.30303 0 0.042013 0.042013
0.0012338 0.0012338 0.30303 0 0.042013 0.042013
0.0012338 0.0012338 0.30304 0 0.04213 0.04213
0.0013376 0.0013376 0.30304 0 0.04213 0.04213
0.0013376 0.0013376 0.30353 0 0.042466 0.042466
0.0017529 0.0017529 0.30353 0 0.042466 0.042466
0.0017529 0.0017529 0.3085 0 0.042584 0.042584
0.0018481 0.0018481 0.3085 0 0.042584 0.042584
0.0018481 0.0018481 0.30863 0 0.042766 0.042766
0.0019001 0.0019001 0.30863 0 0.042771 0.042771
0.0019001 0.0019001 0.30939 0 0.042771 0.042771
0.0020259 0.0020259 0.30939 0 0.042805 0.042805
0.0020259 0.0020259 0.30949 0 0.042805 0.042805
0.0023694 0.0023694 0.30949 0 0.042966 0.042966
0.0023694 0.0023694 0.31691 0 0.042966 0.042966
0.002424 0.002424 0.31691 0 0.042983 0.042983
0.002424 0.002424 0.31748 0 0.042983 0.042983
0.0028667 0.0028667 0.31748 0 0.043029 0.043029
0.0028667 0.0028667 0.31935 0 0.043029 0.043029
0.0029473 0.0029473 0.31935 0 0.043465 0.043465
0.0029473 0.0029473 0.32001 0 0.043465 0.043465
0.0033685 0.0033685 0.32157 0 0.043525 0.043525
0.0033685 0.0033685 0.32157 0 0.043525 0.043525
0.0035887 0.0035887 0.32307 0 0.043799 0.043799
0.0035887 0.0035887 0.32307 0 0.043799 0.043799
0.0035947 0.0035947 0.32425 0 0.043829 0.043829
0.0035947 0.0035947 0.32425 0 0.043829 0.043829
0.004163 0.004163 0.32461 0 0.04407 0.04407
0.004163 0.004163 0.32461 0 0.04407 0.04407
0.0050225 0.0050225 0.32466 0 0.044156 0.044156
0.0050225 0.0050225 0.32649 0 0.044156 0.044156
0.005359 0.005359 0.32649 0 0.044172 0.044172
0.005359 0.005359 0.32657 0 0.044172 0.044172
0.005697 0.005697 0.32657 0 0.044257 0.044257
0.005697 0.005697 0.328 0 0.044257 0.044257
0.0077168 0.0077168 0.328 0 0.044652 0.044652
0.0077168 0.0077168 0.32951 0 0.044652 0.044652
0.008132 0.008132 0.32951 0 0.044742 0.044742
0.008132 0.008132 0.33135 0 0.044742 0.044742
0.008149 0.008149 0.33135 0 0.044802 0.044802
0.008149 0.008149 0.33283 0 0.044802 0.044802
0.0093794 0.0093794 0.33297 0 0.044829 0.044829
0.0096421 0.0096421 0.33297 0 0.044829 0.044829
0.0096421 0.0096421 0.33311 0 0.045013 0.045013
0.010223 0.010223 0.33311 0 0.045204 0.045204
0.010223 0.010223 0.33557 0 0.045204 0.045204
0.010498 0.010498 0.33557 0 0.045392 0.045392
0.010498 0.010498 0.33683 0 0.045392 0.045392
0.012333 0.012333 0.33683 0 0.045521 0.045521
0.012333 0.012333 0.33822 0 0.045521 0.045521
0.01262 0.01262 0.33822 0 0.045554 0.045554
0.01262 0.01262 0.34131 0 0.045554 0.045554
0.013059 0.013059 0.34131 0 0.0458 0.0458
0.013059 0.013059 0.34346 0 0.0458 0.0458
0.014301 0.014301 0.34346 0 0.045801 0.045801
0.014301 0.014301 0.34359 0 0.045801 0.045801
0.015668 0.015668 0.34359 0 0.045864 0.045864
0.015668 0.015668 0.345 0 0.045864 0.045864
0.015756 0.015756 0.345 0 0.046058 0.046058
0.015756 0.015756 0.35001 0 0.046058 0.046058
0.015993 0.015993 0.35001 0 0.046376 0.046376
0.015993 0.015993 0.35229 0 0.046376 0.046376
0.017303 0.017303 0.35229 0 0.046604 0.046604
0.017488 0.017488 0.35364 0 0.046604 0.046604
0.017488 0.017488 0.35364 0 0.04685 0.04685
0.019032 0.019032 0.35458 0 0.047128 0.047128
0.019032 0.019032 0.35458 0 0.047128 0.047128
0.02067 0.02067 0.35677 0 0.047166 0.047166
0.02067 0.02067 0.35677 0 0.047166 0.047166
0.020865 0.020865 0.35857 0 0.047172 0.047172
0.020865 0.020865 0.35857 0 0.047172 0.047172
0.020909 0.020909 0.35866 0 0.047242 0.047242
0.020909 0.020909 0.35866 0 0.047242 0.047242
0.021139 0.021139 0.36134 0 0.047602 0.047602
0.021139 0.021139 0.36134 0 0.047602 0.047602
0.021284 0.021284 0.36368 0 0.047652 0.047652
0.021284 0.021284 0.36368 0 0.047652 0.047652
0.023182 0.023182 0.36628 0 0.048018 0.048018
0.023182 0.023182 0.36628 0 0.048018 0.048018
0.023884 0.023884 0.37176 0 0.048287 0.048287
0.023884 0.023884 0.37176 0 0.048299 0.048299
0.025772 0.025772 0.37361 0 0.048299 0.048299
0.025855 0.025855 0.37378 0 0.048348 0.048348
0.025855 0.025855 0.37378 0 0.048348 0.048348
0.026632 0.026632 0.37522 0 0.048564 0.048564
0.026632 0.026632 0.37522 0 0.048564 0.048564
0.027021 0.027021 0.37879 0 0.048886 0.048886
0.027021 0.027021 0.37879 0 0.048886 0.048886
0.030029 0.030029 0.3792 0 0.048932 0.048932
0.030029 0.030029 0.3792 0 0.048932 0.048932
0.030745 0.030745 0.37989 0 0.049063 0.049063
0.030745 0.030745 0.37989 0 0.049063 0.049063
0.031341 0.031341 0.38249 0 0.049071 0.049071
0.031341 0.031341 0.38249 0 0.049071 0.049071
0.034549 0.034549 0.38366 0 0.049421 0.049421
0.034549 0.034549 0.38366 0 0.049421 0.049421
0.036331 0.036331 0.39065 0 0.049721 0.049721
0.036331 0.036331 0.39065 0 0.049721 0.049721
0.037311 0.037311 0.39128 0 0.049762 0.049762
0.037311 0.037311 0.39217 0 0.049762 0.049762
0.041295 0.041295 0.39273 0 0.049846 0.049846
0.041295 0.041295 0.39273 0 0.049846 0.049846
0.042966 0.042966 0.39475 0 0.049885 0.049885
0.042966 0.042966 0.39475 0 0.049885 0.049885
0.043468 0.043468 0.39487 0 0.050129 0.050129
0.043468 0.043468 0.39487 0 0.050129 0.050129
0.046604 0.046604 0.39497 0 0.050433 0.050433
0.046604 0.046604 0.39497 0 0.050433 0.050433
0.05045 0.05045 0.39542 0 0.05045 0.05045
0.052019 0.052019 0.39542 0 0.05045 0.05045
0.052019 0.052019 0.39547 0 0.05045 0.05045
0.053114 0.053114 0.39547 0 0.050778 0.050778
0.053114 0.053114 0.3957 0 0.050778 0.050778
0.054659 0.054659 0.3957 0 0.050939 0.050939
0.054659 0.054659 0.396 0 0.050939 0.050939
0.054978 0.054978 0.396 0 0.050998 0.050998
0.054978 0.054978 0.39608 0 0.050998 0.050998
0.056221 0.056221 0.39608 0 0.051387 0.051387
0.056221 0.056221 0.39637 0 0.051387 0.051387
0.056476 0.056476 0.39637 0 0.051523 0.051523
0.056476 0.056476 0.39665 0 0.051523 0.051523
0.057032 0.057032 0.39665 0 0.051541 0.051541
0.057032 0.057032 0.39675 0 0.051541 0.051541
0.058857 0.058857 0.39675 0 0.051882 0.051882
0.058857 0.058857 0.39677 0 0.051882 0.051882
0.060779 0.060779 0.39677 0 0.051993 0.051993
0.060779 0.060779 0.398 0 0.051993 0.051993
0.060964 0.060964 0.398 0 0.051996 0.051996
0.060964 0.060964 0.39822 0 0.051996 0.051996
0.061422 0.061422 0.39822 0 0.052019 0.052019
0.061422 0.061422 0.39823 0 0.052019 0.052019
0.062666 0.062666 0.39823 0 0.052311 0.052311
0.062666 0.062666 0.3989 0 0.052311 0.052311
0.064481 0.064481 0.3989 0 0.052429 0.052429
0.064481 0.064481 0.40003 0 0.05269 0.05269
0.065409 0.065409 0.40003 0 0.052715 0.052715
0.065409 0.065409 0.40197 0 0.052715 0.052715
0.065835 0.065835 0.40197 0 0.0529 0.0529
0.065835 0.065835 0.40221 0 0.0529 0.0529
0.067236 0.067236 0.40221 0 0.053105 0.053105
0.067236 0.067236 0.40222 0 0.053105 0.053105
0.067461 0.067461 0.40222 0 0.053105 0.053105
0.067461 0.067461 0.40222 0 0.053105 0.053105
0.069113 0.069113 0.40222 0 0.053277 0.053277
0.069113 0.069113 0.40293 0 0.053277 0.053277
0.070074 0.070074 0.40293 0 0.0533 0.0533
0.070074 0.070074 0.40302 0 0.0533 0.0533
0.071203 0.071203 0.40343 0 0.053361 0.053361
0.071203 0.071203 0.40343 0 0.053361 0.053361
0.071282 0.071282 0.40372 0 0.053509 0.053509
0.071282 0.071282 0.40372 0 0.053509 0.053509
0.073895 0.073895 0.40613 0 0.053554 0.053554
0.073895 0.073895 0.40613 0 0.053554 0.053554
0.078204 0.078204 0.40701 0 0.054037 0.054037
0.078204 0.078204 0.40701 0 0.054037 0.054037
0.079546 0.079546 0.40884 0 0.05424 0.05424
0.079546 0.079546 0.40884 0 0.05424 0.05424
0.080827 0.080827 0.40968 0 0.054318 0.054318
0.080827 0.080827 0.40968 0 0.054318 0.054318
0.08227 0.08227 0.41095 0 0.054466 0.054466
0.08227 0.08227 0.41095 0 0.054466 0.054466
0.0825 0.0825 0.41362 0 0.054533 0.054533
0.0825 0.0825 0.41362 0 0.054533 0.054533
0.082821 0.082821 0.41368 0 0.054591 0.054591
0.082821 0.082821 0.41368 0 0.054672 0.054672
0.085849 0.085849 0.41395 0 0.054672 0.054672
0.086371 0.086371 0.41395 0 0.054865 0.054865
0.086371 0.086371 0.41497 0 0.054865 0.054865
0.087481 0.087481 0.41497 0 0.054867 0.054867
0.087481 0.087481 0.42273 0 0.054867 0.054867
0.092467 0.092467 0.42273 0 0.054886 0.054886
0.092467 0.092467 0.42278 0 0.054886 0.054886
0.092648 0.092648 0.42278 0 0.054925 0.054925
0.092648 0.092648 0.42348 0 0.054925 0.054925
0.093357 0.093357 0.42348 0 0.055359 0.055359
0.093357 0.093357 0.42385 0 0.055359 0.055359
0.095226 0.095226 0.42385 0 0.055415 0.055415
0.095226 0.095226 0.42528 0 0.055415 0.055415
0.097634 0.097634 0.42528 0 0.055974 0.055974
0.097634 0.097634 0.42801 0 0.055974 0.055974
0.098033 0.098033 0.42801 0 0.056012 0.056012
0.098033 0.098033 0.42867 0 0.056012 0.056012
0.099679 0.099679 0.42867 0 0.056191 0.056191
0.099679 0.099679 0.42891 0 0.056191 0.056191
0.1008 0.1008 0.42891 0 0.056221 0.056221
0.1008 0.1008 0.43166 0 0.056221 0.056221
0.10115 0.10115 0.43166 0 0.056242 0.056242
0.10115 0.10115 0.432 0 0.056242 0.056242
0.10494 0.10494 0.432 0 0.056476 0.056476
0.10494 0.10494 0.43309 0 0.056476 0.056476
0.10686 0.10686 0.43309 0 0.056707 0.056707
0.10686 0.10686 0.43385 0 0.056707 0.056707
0.10696 0.10696 0.43385 0 0.056856 0.056856
0.10898 0.10898 0.43478 0 0.056856 0.056856
0.10898 0.10898 0.43478 0 0.056863 0.056863
0.113 0.113 0.43836 0 0.056863 0.056863
0.113 0.113 0.43836 0 0.057103 0.057103
0.11358 0.11358 0.43849 0 0.057103 0.057103
0.11358 0.11358 0.44112 0 0.057119 0.057119
0.11789 0.11789 0.44112 0 0.057119 0.057119
0.11789 0.11789 0.443 0 0.057211 0.057211
0.11992 0.11992 0.44354 0 0.057211 0.057211
0.11992 0.11992 0.44354 0 0.057903 0.057903
0.12138 0.12138 0.4442 0 0.057903 0.057903
0.12138 0.12138 0.4442 0 0.058062 0.058062
0.12254 0.12254 0.44456 0 0.058062 0.058062
0.12254 0.12254 0.44456 0 0.058274 0.058274
0.12597 0.12597 0.44933 0 0.058282 0.058282
0.12597 0.12597 0.44933 0 0.058282 0.058282
0.12877 0.12877 0.44976 0 0.058717 0.058717
0.12877 0.12877 0.44976 0 0.058717 0.058717
0.12935 0.12935 0.44994 0 0.058755 0.058755
0.13089 0.13089 0.44994 0 0.058755 0.058755
0.13089 0.13089 0.45003 0 0.058938 0.058938
0.13123 0.13123 0.45003 0 0.058938 0.058938
0.13123 0.13123 0.4505 0 0.058953 0.058953
0.13219 0.13219 0.4505 0 0.058953 0.058953
0.13219 0.13219 0.45067 0 0.059071 0.059071
0.13234 0.13234 0.45067 0 0.059071 0.059071
0.13234 0.13234 0.45364 0 0.059256 0.059256
0.13248 0.13248 0.45364 0 0.059713 0.059713
0.13248 0.13248 0.45582 0 0.059713 0.059713
0.13707 0.13707 0.45593 0 0.059743 0.059743
0.13707 0.13707 0.45593 0 0.059743 0.059743
0.13765 0.13765 0.45727 0 0.059775 0.059775
0.13765 0.13765 0.45727 0 0.059959 0.059959
0.14618 0.14618 0.45761 0 0.059959 0.059959
0.14618 0.14618 0.45761 0 0.060116 0.060116
0.14913 0.14913 0.45806 0 0.060116 0.060116
0.14913 0.14913 0.4613 0 0.060126 0.060126
0.15532 0.15532 0.4613 0 0.060126 0.060126
0.15532 0.15532 0.46179 0 0.060225 0.060225
0.15997 0.15997 0.46179 0 0.060225 0.060225
0.15997 0.15997 0.46212 0 0.060271 0.060271
0.16332 0.16332 0.46212 0 0.060271 0.060271
0.16332 0.16332 0.46334 0 0.060779 0.060779
0.16775 0.16775 0.46334 0 0.060779 0.060779
0.16775 0.16775 0.46449 0 0.060785 0.060785
0.17139 0.17139 0.46449 0 0.060785 0.060785
0.17139 0.17139 0.46788 0 0.060964 0.060964
0.17307 0.17307 0.46788 0 0.060964 0.060964
0.17307 0.17307 0.46808 0 0.061043 0.061043
0.17366 0.17366 0.46808 0 0.061043 0.061043
0.17366 0.17366 0.4682 0 0.061051 0.061051
0.17639 0.17639 0.4682 0 0.061051 0.061051
0.17685 0.17685 0.46874 0 0.061143 0.061143
0.17685 0.17685 0.46874 0 0.061143 0.061143
0.17939 0.17939 0.46896 0 0.061594 0.061594
0.17939 0.17939 0.46896 0 0.061594 0.061594
0.18129 0.18129 0.469 0 0.06181 0.06181
0.18129 0.18129 0.469 0 0.06181 0.06181
0.1824 0.1824 0.47022 0 0.062163 0.062163
0.1824 0.1824 0.47022 0 0.062267 0.062267
0.18691 0.18691 0.47025 0 0.062267 0.062267
0.18837 0.18837 0.47025 0 0.062321 0.062321
0.18837 0.18837 0.47049 0 0.062321 0.062321
0.18886 0.18886 0.47049 0 0.062334 0.062334
0.18886 0.18886 0.47143 0 0.062334 0.062334
0.196 0.196 0.47143 0 0.062376 0.062376
0.196 0.196 0.47193 0 0.062376 0.062376
0.19893 0.19893 0.47193 0 0.062624 0.062624
0.19893 0.19893 0.47294 0 0.062624 0.062624
0.20128 0.20128 0.47294 0 0.062644 0.062644
0.20128 0.20128 0.47344 0 0.062644 0.062644
0.20223 0.20223 0.47344 0 0.062906 0.062906
0.20223 0.20223 0.4747 0 0.062906 0.062906
0.20499 0.20499 0.4747 0 0.063038 0.063038
0.20499 0.20499 0.47495 0 0.063038 0.063038
0.20858 0.20858 0.47495 0 0.063707 0.063707
0.20858 0.20858 0.47498 0 0.063707 0.063707
0.20923 0.20923 0.47576 0 0.063736 0.063736
0.20923 0.20923 0.47576 0 0.063736 0.063736
0.21204 0.21204 0.47755 0 0.063783 0.063783
0.21204 0.21204 0.47755 0 0.063783 0.063783
0.21466 0.21466 0.47785 0 0.063916 0.063916
0.21466 0.21466 0.47785 0 0.063916 0.063916
0.21532 0.21532 0.47858 0 0.06395 0.06395
0.21532 0.21532 0.47858 0 0.06395 0.06395
0.21599 0.21599 0.47872 0 0.06409 0.06409
0.21599 0.21599 0.47872 0 0.06409 0.06409
0.22205 0.22205 0.47917 0 0.064132 0.064132
0.22205 0.22205 0.47917 0 0.064132 0.064132
0.22441 0.22441 0.48104 0 0.064481 0.064481
0.22441 0.22441 0.48104 0 0.064481 0.064481
0.22831 0.22831 0.48105 0 0.064629 0.064629
0.22831 0.22831 0.48119 0 0.064629 0.064629
0.22851 0.22851 0.48119 0 0.064716 0.064716
0.22851 0.22851 0.48163 0 0.064716 0.064716
0.22977 0.22977 0.48163 0 0.0648 0.0648
0.22977 0.22977 0.48226 0 0.0648 0.0648
0.22999 0.22999 0.48226 0 0.06495 0.06495
0.22999 0.22999 0.48263 0 0.06495 0.06495
0.23155 0.23155 0.48263 0 0.06504 0.06504
0.23155 0.23155 0.48434 0 0.06504 0.06504
0.23268 0.23268 0.48434 0 0.065409 0.065409
0.23268 0.23268 0.485 0 0.065409 0.065409
0.23278 0.23278 0.485 0 0.06582 0.06582
0.23278 0.23278 0.48589 0 0.06582 0.06582
0.23498 0.23498 0.48589 0 0.065835 0.065835
0.24094 0.24094 0.48632 0 0.065835 0.065835
0.24094 0.24094 0.48632 0 0.06598 0.06598
0.24175 0.24175 0.48675 0 0.06598 0.06598
0.24175 0.24175 0.48675 0 0.066 0.066
0.24239 0.24239 0.48682 0 0.066 0.066
0.24239 0.24239 0.48682 0 0.066407 0.066407
0.24253 0.24253 0.48879 0 0.066407 0.066407
0.24253 0.24253 0.48879 0 0.066515 0.066515
0.24402 0.24402 0.49036 0 0.066533 0.066533
0.24402 0.24402 0.49036 0 0.066533 0.066533
0.24794 0.24794 0.4904 0 0.066703 0.066703
0.25089 0.25089 0.4904 0 0.066703 0.066703
0.25089 0.25089 0.49083 0 0.066771 0.066771
0.25334 0.25334 0.49083 0 0.066771 0.066771
0.25334 0.25334 0.49119 0 0.066841 0.066841
0.25514 0.25514 0.49119 0 0.066841 0.066841
0.25514 0.25514 0.4932 0 0.067209 0.067209
0.25531 0.25531 0.4932 0 0.067209 0.067209
0.25531 0.25531 0.49485 0 0.067326 0.067326
0.25689 0.25689 0.49485 0 0.067326 0.067326
0.25689 0.25689 0.49758 0 0.067441 0.067441
0.25738 0.25738 0.49758 0 0.067441 0.067441
0.25738 0.25738 0.49813 0 0.06761 0.06761
0.2577 0.2577 0.49813 0 0.06783 0.06783
0.2577 0.2577 0.49819 0 0.06783 0.06783
0.25778 0.25778 0.49819 0 0.067847 0.067847
0.25778 0.25778 0.49832 0 0.067847 0.067847
0.25781 0.25781 0.49832 0 0.068089 0.068089
0.25781 0.25781 0.49839 0 0.068089 0.068089
0.25896 0.25896 0.49839 0 0.068148 0.068148
0.25896 0.25896 0.49884 0 0.068148 0.068148
0.2598 0.2598 0.49884 0 0.068444 0.068444
0.2598 0.2598 0.50033 0 0.068444 0.068444
0.26108 0.26108 0.50033 0 0.068518 0.068518
0.26108 0.26108 0.50063 0 0.068518 0.068518
0.26298 0.26298 0.50063 0 0.069113 0.069113
0.26298 0.26298 0.50529 0 0.069113 0.069113
0.26343 0.26343 0.50529 0 0.069561 0.069561
0.26364 0.26364 0.5075 0 0.069561 0.069561
0.26364 0.26364 0.5075 0 0.069568 0.069568
0.26446 0.26446 0.5086 0 0.069568 0.069568
0.26446 0.26446 0.5086 0 0.069861 0.069861
0.2658 0.2658 0.5097 0 0.069861 0.069861
0.2658 0.2658 0.5097 0 0.069876 0.069876
0.26635 0.26635 0.51143 0 0.069876 0.069876
0.26635 0.26635 0.51143 0 0.070074 0.070074
0.26702 0.26702 0.51193 0 0.070074 0.070074
0.26702 0.26702 0.51193 0 0.070158 0.070158
0.26735 0.26735 0.51222 0 0.070158 0.070158
0.26735 0.26735 0.51222 0 0.070368 0.070368
0.26842 0.26842 0.51235 0 0.070368 0.070368
0.26842 0.26842 0.51235 0 0.07073 0.07073
0.26898 0.26898 0.51275 0 0.07073 0.07073
0.26898 0.26898 0.51275 0 0.070801 0.070801
0.27029 0.27029 0.51454 0 0.070801 0.070801
0.27029 0.27029 0.51454 0 0.071203 0.071203
0.27101 0.27101 0.51736 0 0.071203 0.071203
0.27101 0.27101 0.51895 0 0.071237 0.071237
0.27139 0.27139 0.51895 0 0.071237 0.071237
0.27139 0.27139 0.52017 0 0.071292 0.071292
0.27184 0.27184 0.52017 0 0.071292 0.071292
0.27184 0.27184 0.52082 0 0.07141 0.07141
0.27255 0.27255 0.52237 0 0.07147 0.07147
0.27255 0.27255 0.52237 0 0.07147 0.07147
0.27293 0.27293 0.52252 0 0.072047 0.072047
0.27293 0.27293 0.52297 0 0.072047 0.072047
0.27345 0.27345 0.52297 0 0.0721 0.0721
0.27345 0.27345 0.52394 0 0.0721 0.0721
0.27386 0.27386 0.52394 0 0.072109 0.072109
0.27386 0.27386 0.52427 0 0.072109 0.072109
0.27449 0.27449 0.52513 0 0.072179 0.072179
0.27449 0.27449 0.52513 0 0.072179 0.072179
0.27508 0.27508 0.52535 0 0.072359 0.072359
0.27508 0.27508 0.52535 0 0.072359 0.072359
0.27698 0.27698 0.5278 0 0.07237 0.07237
0.27698 0.27698 0.5278 0 0.07237 0.07237
0.27986 0.27986 0.53053 0 0.072393 0.072393
0.27986 0.27986 0.53053 0 0.072412 0.072412
0.28015 0.28015 0.53067 0 0.072412 0.072412
0.28015 0.28015 0.53067 0 0.073099 0.073099
0.28045 0.28045 0.53259 0 0.073099 0.073099
0.28045 0.28045 0.53259 0 0.073131 0.073131
0.28227 0.28227 0.53396 0 0.073131 0.073131
0.28227 0.28227 0.53396 0 0.073308 0.073308
0.28272 0.28272 0.53445 0 0.073308 0.073308
0.28503 0.28503 0.53445 0 0.073459 0.073459
0.28503 0.28503 0.53604 0 0.073459 0.073459
0.28928 0.28928 0.53604 0 0.073991 0.073991
0.28928 0.28928 0.53631 0 0.073991 0.073991
0.28997 0.28997 0.53631 0 0.074012 0.074012
0.28997 0.28997 0.53645 0 0.074012 0.074012
0.29043 0.29043 0.53645 0 0.074291 0.074291
0.29043 0.29043 0.53936 0 0.074326 0.074326
0.29812 0.29812 0.53936 0 0.074326 0.074326
0.29812 0.29812 0.5408 0 0.074702 0.074702
0.29976 0.29976 0.5408 0 0.074702 0.074702
0.29976 0.29976 0.54347 0 0.074848 0.074848
0.30025 0.30025 0.54347 0 0.074848 0.074848
0.30025 0.30025 0.54382 0 0.074862 0.074862
0.3003 0.3003 0.54382 0 0.074862 0.074862
0.3003 0.3003 0.54449 0 0.075134 0.075134
0.30303 0.30303 0.54472 0 0.075318 0.075318
0.30303 0.30303 0.54472 0 0.075318 0.075318
0.30304 0.30304 0.54497 0 0.076211 0.076211
0.30304 0.30304 0.54497 0 0.076211 0.076211
0.30353 0.30353 0.54556 0 0.076372 0.076372
0.30353 0.30353 0.54556 0 0.076372 0.076372
0.3085 0.3085 0.54628 0 0.076625 0.076625
0.3085 0.3085 0.54628 0 0.076644 0.076644
0.30863 0.30863 0.54705 0 0.076644 0.076644
0.30863 0.30863 0.54705 0 0.076915 0.076915
0.30939 0.30939 0.54899 0 0.076915 0.076915
0.30939 0.30939 0.54899 0 0.076932 0.076932
0.30949 0.30949 0.54996 0 0.076932 0.076932
0.30949 0.30949 0.54996 0 0.077209 0.077209
0.31691 0.31691 0.55049 0 0.077209 0.077209
0.31691 0.31691 0.55049 0 0.077437 0.077437
0.31748 0.31748 0.55257 0 0.077437 0.077437
0.31748 0.31748 0.55257 0 0.078127 0.078127
0.31935 0.31935 0.55387 0 0.078127 0.078127
0.31935 0.31935 0.55387 0 0.078643 0.078643
0.32001 0.32001 0.55449 0 0.078643 0.078643
0.32157 0.32157 0.55449 0 0.078735 0.078735
0.32157 0.32157 0.55485 0 0.078735 0.078735
0.32307 0.32307 0.55485 0 0.078869 0.078869
0.32307 0.32307 0.55527 0 0.078869 0.078869
0.32425 0.32425 0.55527 0 0.078982 0.078982
0.32425 0.32425 0.55538 0 0.078982 0.078982
0.32461 0.32461 0.55538 0 0.079034 0.079034
0.32461 0.32461 0.55608 0 0.079034 0.079034
0.32466 0.32466 0.55608 0 0.079232 0.079232
0.32649 0.32649 0.5574 0 0.079232 0.079232
0.32649 0.32649 0.5574 0 0.079244 0.079244
0.32657 0.32657 0.55782 0 0.079244 0.079244
0.32657 0.32657 0.55782 0 0.079358 0.079358
0.328 0.328 0.5579 0 0.079358 0.079358
0.328 0.328 0.5582 0 0.079546 0.079546
0.32951 0.32951 0.5582 0 0.079546 0.079546
0.32951 0.32951 0.55878 0 0.079629 0.079629
0.33135 0.33135 0.55878 0 0.079629 0.079629
0.33135 0.33135 0.55964 0 0.080035 0.080035
0.33283 0.33283 0.55964 0 0.080035 0.080035
0.33297 0.33297 0.55974 0 0.080482 0.080482
0.33297 0.33297 0.55974 0 0.080482 0.080482
0.33311 0.33311 0.56088 0 0.080764 0.080764
0.33311 0.33311 0.56088 0 0.080764 0.080764
0.33557 0.33557 0.56097 0 0.081647 0.081647
0.33557 0.33557 0.56097 0 0.081647 0.081647
0.33683 0.33683 0.56216 0 0.081883 0.081883
0.33683 0.33683 0.56216 0 0.081883 0.081883
0.33822 0.33822 0.56238 0 0.082035 0.082035
0.33822 0.33822 0.56269 0 0.082035 0.082035
0.34131 0.34131 0.56269 0 0.082248 0.082248
0.34131 0.34131 0.56295 0 0.082248 0.082248
0.34346 0.34346 0.56342 0 0.08236 0.08236
0.34346 0.34346 0.56342 0 0.08236 0.08236
0.34359 0.34359 0.56366 0 0.082437 0.082437
0.34359 0.34359 0.56366 0 0.0825 0.0825
0.345 0.345 0.56366 0 0.0825 0.0825
0.345 0.345 0.56366 0 0.082511 0.082511
0.35001 0.35001 0.56463 0 0.082519 0.082519
0.35001 0.35001 0.56463 0 0.082519 0.082519
0.35229 0.35229 0.5652 0 0.08259 0.08259
0.35229 0.35229 0.5652 0 0.08259 0.08259
0.35364 0.35364 0.5655 0 0.082714 0.082714
0.35364 0.35364 0.5655 0 0.082714 0.082714
0.35458 0.35458 0.56701 0 0.082837 0.082837
0.35458 0.35458 0.56701 0 0.082837 0.082837
0.35677 0.35677 0.56728 0 0.083419 0.083419
0.35677 0.35677 0.56728 0 0.083419 0.083419
0.35857 0.35857 0.56751 0 0.083649 0.083649
0.35857 0.35857 0.56751 0 0.083649 0.083649
0.35866 0.35866 0.56861 0 0.084334 0.084334
0.35866 0.35866 0.56861 0 0.084334 0.084334
0.36134 0.36134 0.56929 0 0.084552 0.084552
0.36134 0.36134 0.56929 0 0.084552 0.084552
0.36368 0.36368 0.56944 0 0.084559 0.084559
0.36368 0.36368 0.56944 0 0.084661 0.084661
0.36628 0.36628 0.5696 0 0.084661 0.084661
0.36628 0.36628 0.5696 0 0.084723 0.084723
0.37176 0.37176 0.56973 0 0.084723 0.084723
0.37176 0.37176 0.56973 0 0.084986 0.084986
0.37361 0.37361 0.56984 0 0.084986 0.084986
0.37378 0.37378 0.56984 0 0.085057 0.085057
0.37378 0.37378 0.57014 0 0.085057 0.085057
0.37522 0.37522 0.57014 0 0.085427 0.085427
0.37522 0.37522 0.57095 0 0.085427 0.085427
0.37879 0.37879 0.57095 0 0.085728 0.085728
0.37879 0.37879 0.571 0 0.085728 0.085728
0.3792 0.3792 0.571 0 0.085849 0.085849
0.3792 0.3792 0.57128 0 0.086032 0.086032
0.37989 0.37989 0.57189 0 0.086032 0.086032
0.37989 0.37989 0.57189 0 0.08613 0.08613
0.38249 0.38249 0.57216 0 0.08613 0.08613
0.38249 0.38249 0.57216 0 0.086371 0.086371
0.38366 0.38366 0.57288 0 0.086371 0.086371
0.38366 0.38366 0.57288 0 0.086382 0.086382
0.39065 0.39065 0.57314 0 0.086382 0.086382
0.39065 0.39065 0.57314 0 0.08641 0.08641
0.39128 0.39128 0.57331 0 0.08641 0.08641
0.39217 0.39217 0.57331 0 0.086471 0.086471
0.39273 0.39273 0.57384 0 0.086471 0.086471
0.39273 0.39273 0.57384 0 0.087415 0.087415
0.3957 0.3957 0.57474 0 0.087415 0.087415
0.3957 0.3957 0.57474 0 0.087552 0.087552
0.39608 0.39608 0.57527 0 0.087552 0.087552
0.39608 0.39608 0.57527 0 0.087633 0.087633
0.39637 0.39637 0.57569 0 0.087633 0.087633
0.39637 0.39637 0.57569 0 0.087708 0.087708
0.39677 0.39677 0.57652 0 0.087708 0.087708
0.39677 0.39677 0.57652 0 0.087745 0.087745
0.398 0.398 0.57652 0 0.087745 0.087745
0.398 0.398 0.57652 0 0.087804 0.087804
0.39822 0.39822 0.57805 0 0.088044 0.088044
0.39822 0.39822 0.57805 0 0.088044 0.088044
0.39823 0.39823 0.57905 0 0.088262 0.088262
0.39823 0.39823 0.57905 0 0.088262 0.088262
0.40003 0.40003 0.58015 0 0.088624 0.088624
0.40003 0.40003 0.58015 0 0.088624 0.088624
0.40197 0.40197 0.58112 0 0.088903 0.088903
0.40197 0.40197 0.58112 0 0.088903 0.088903
0.40221 0.40221 0.58143 0 0.0892 0.0892
0.40221 0.40221 0.58143 0 0.0892 0.0892
0.40222 0.40222 0.58161 0 0.089318 0.089318
0.40222 0.40222 0.58161 0 0.089318 0.089318
0.40293 0.40293 0.58213 0 0.089999 0.089999
0.40293 0.40293 0.58213 0 0.089999 0.089999
0.40302 0.40302 0.58237 0 0.09017 0.09017
0.40343 0.40343 0.58237 0 0.09017 0.09017
0.40343 0.40343 0.5837 0 0.090218 0.090218
0.40372 0.40372 0.58442 0 0.090218 0.090218
0.40372 0.40372 0.58442 0 0.090535 0.090535
0.40613 0.40613 0.58444 0 0.090535 0.090535
0.40613 0.40613 0.58483 0 0.090577 0.090577
0.40884 0.40884 0.58483 0 0.090577 0.090577
0.40884 0.40884 0.5871 0 0.090988 0.090988
0.40968 0.40968 0.5871 0 0.090988 0.090988
0.40968 0.40968 0.58751 0 0.091231 0.091231
0.41095 0.41095 0.58751 0 0.091231 0.091231
0.41095 0.41095 0.58813 0 0.09142 0.09142
0.41362 0.41362 0.58813 0 0.09142 0.09142
0.41362 0.41362 0.58825 0 0.09143 0.09143
0.41395 0.41395 0.58825 0 0.09143 0.09143
0.41395 0.41395 0.58886 0 0.091507 0.091507
0.41497 0.41497 0.58886 0 0.091544 0.091544
0.41497 0.41497 0.5895 0 0.091544 0.091544
0.42278 0.42278 0.5895 0 0.092181 0.092181
0.42278 0.42278 0.5899 0 0.092181 0.092181
0.42348 0.42348 0.5899 0 0.09238 0.09238
0.42348 0.42348 0.59084 0 0.09238 0.09238
0.42385 0.42385 0.59084 0 0.092448 0.092448
0.42385 0.42385 0.59265 0 0.092448 0.092448
0.42528 0.42528 0.59265 0 0.092467 0.092467
0.42528 0.42528 0.59283 0 0.092467 0.092467
0.42801 0.42801 0.59283 0 0.092647 0.092647
0.42801 0.42801 0.59308 0 0.092647 0.092647
0.42867 0.42867 0.59308 0 0.092886 0.092886
0.42867 0.42867 0.59425 0 0.092886 0.092886
0.42891 0.42891 0.59425 0 0.093453 0.093453
0.42891 0.42891 0.59537 0 0.093453 0.093453
0.43166 0.43166 0.59537 0 0.093832 0.093832
0.43166 0.43166 0.59654 0 0.093832 0.093832
0.432 0.432 0.59654 0 0.094873 0.094873
0.432 0.432 0.5968 0 0.094873 0.094873
0.43309 0.43309 0.5968 0 0.095086 0.095086
0.43309 0.43309 0.59694 0 0.095086 0.095086
0.43385 0.43385 0.59694 0 0.095111 0.095111
0.43385 0.43385 0.59755 0 0.095111 0.095111
0.43836 0.43836 0.59755 0 0.095226 0.095226
0.43836 0.43836 0.60037 0 0.095226 0.095226
0.43849 0.43849 0.60037 0 0.095525 0.095525
0.44112 0.44112 0.60043 0 0.095525 0.095525
0.44112 0.44112 0.60043 0 0.095698 0.095698
0.443 0.443 0.60068 0 0.096096 0.096096
0.44354 0.44354 0.60068 0 0.096113 0.096113
0.44354 0.44354 0.60157 0 0.096113 0.096113
0.4442 0.4442 0.60355 0 0.096246 0.096246
0.4442 0.4442 0.60355 0 0.096246 0.096246
0.44456 0.44456 0.60362 0 0.096341 0.096341
0.44456 0.44456 0.60362 0 0.096341 0.096341
0.44933 0.44933 0.60368 0 0.096503 0.096503
0.44933 0.44933 0.60368 0 0.096503 0.096503
0.44976 0.44976 0.60465 0 0.096895 0.096895
0.44976 0.44976 0.60465 0 0.096895 0.096895
0.44994 0.44994 0.60544 0 0.096956 0.096956
0.44994 0.44994 0.60544 0 0.096956 0.096956
0.45003 0.45003 0.60694 0 0.097634 0.097634
0.45003 0.45003 0.60694 0 0.097634 0.097634
0.4505 0.4505 0.607 0 0.097787 0.097787
0.4505 0.4505 0.607 0 0.097787 0.097787
0.45364 0.45364 0.607 0 0.097788 0.097788
0.45364 0.45364 0.607 0 0.097788 0.097788
0.45582 0.45582 0.60703 0 0.098726 0.098726
0.45593 0.45593 0.60703 0 0.098726 0.098726
0.45593 0.45593 0.6073 0 0.09933 0.09933
0.45727 0.45727 0.6073 0 0.09933 0.09933
0.45727 0.45727 0.60845 0 0.099352 0.099352
0.45761 0.45761 0.60845 0 0.099352 0.099352
0.45761 0.45761 0.60896 0 0.099677 0.099677
0.45806 0.45806 0.60904 0 0.099677 0.099677
0.4613 0.4613 0.60904 0 0.099825 0.099825
0.4613 0.4613 0.6095 0 0.099825 0.099825
0.46179 0.46179 0.6095 0 0.099904 0.099904
0.46179 0.46179 0.61053 0 0.099904 0.099904
0.46212 0.46212 0.61053 0 0.10032 0.10032
0.46212 0.46212 0.61075 0 0.10032 0.10032
0.46334 0.46334 0.61075 0 0.10069 0.10069
0.46334 0.46334 0.61125 0 0.10069 0.10069
0.46449 0.46449 0.61125 0 0.1008 0.1008
0.46449 0.46449 0.61244 0 0.1008 0.1008
0.46788 0.46788 0.61244 0 0.10151 0.10151
0.46788 0.46788 0.61487 0 0.10151 0.10151
0.46808 0.46808 0.61487 0 0.1022 0.1022
0.46808 0.46808 0.61511 0 0.1022 0.1022
0.4682 0.4682 0.61592 0 0.10226 0.10226
0.4682 0.4682 0.61592 0 0.10226 0.10226
0.46874 0.46874 0.61674 0 0.10246 0.10246
0.46874 0.46874 0.61674 0 0.10261 0.10261
0.46896 0.46896 0.6168 0 0.10261 0.10261
0.46896 0.46896 0.6168 0 0.10309 0.10309
0.469 0.469 0.61757 0 0.10309 0.10309
0.469 0.469 0.61757 0 0.10353 0.10353
0.47022 0.47022 0.61864 0 0.10353 0.10353
0.47022 0.47022 0.61864 0 0.10373 0.10373
0.47025 0.47025 0.61904 0 0.10373 0.10373
0.47025 0.47025 0.61904 0 0.10382 0.10382
0.47049 0.47049 0.61923 0 0.10382 0.10382
0.47049 0.47049 0.61923 0 0.10384 0.10384
0.47193 0.47193 0.61923 0 0.10384 0.10384
0.47193 0.47193 0.61923 0 0.10421 0.10421
0.47294 0.47294 0.61989 0 0.10421 0.10421
0.47294 0.47294 0.61995 0 0.10423 0.10423
0.47344 0.47344 0.61995 0 0.10475 0.10475
0.47344 0.47344 0.62171 0 0.10475 0.10475
0.4747 0.4747 0.62171 0 0.10486 0.10486
0.4747 0.4747 0.6237 0 0.10486 0.10486
0.47495 0.47495 0.6237 0 0.10506 0.10506
0.47495 0.47495 0.62385 0 0.10506 0.10506
0.47498 0.47498 0.62385 0 0.10573 0.10573
0.47576 0.47576 0.62442 0 0.10573 0.10573
0.47576 0.47576 0.62442 0 0.10589 0.10589
0.47755 0.47755 0.62452 0 0.10589 0.10589
0.47755 0.47755 0.62452 0 0.10686 0.10686
0.47785 0.47785 0.62504 0 0.10686 0.10686
0.47785 0.47785 0.62563 0 0.10696 0.10696
0.47858 0.47858 0.62563 0 0.10717 0.10717
0.47858 0.47858 0.62652 0 0.10717 0.10717
0.47872 0.47872 0.62652 0 0.1072 0.1072
0.47872 0.47872 0.62775 0 0.1072 0.1072
0.47917 0.47917 0.62775 0 0.10756 0.10756
0.47917 0.47917 0.62812 0 0.10756 0.10756
0.48104 0.48104 0.62812 0 0.10779 0.10779
0.48104 0.48104 0.62864 0 0.10779 0.10779
0.48105 0.48105 0.62864 0 0.10792 0.10792
0.48119 0.48119 0.63238 0 0.10792 0.10792
0.48119 0.48119 0.63238 0 0.1082 0.1082
0.48163 0.48163 0.63288 0 0.10845 0.10845
0.48163 0.48163 0.63288 0 0.10845 0.10845
0.48226 0.48226 0.63342 0 0.10891 0.10891
0.48226 0.48226 0.63342 0 0.10891 0.10891
0.48263 0.48263 0.63358 0 0.10898 0.10898
0.48263 0.48263 0.6345 0 0.10898 0.10898
0.48434 0.48434 0.6345 0 0.10904 0.10904
0.48434 0.48434 0.63483 0 0.10904 0.10904
0.485 0.485 0.63483 0 0.10939 0.10939
0.485 0.485 0.63501 0 0.10939 0.10939
0.48589 0.48589 0.63501 0 0.1095 0.1095
0.48589 0.48589 0.63589 0 0.1095 0.1095
0.48632 0.48632 0.63589 0 0.10954 0.10954
0.48632 0.48632 0.63636 0 0.10954 0.10954
0.48675 0.48675 0.63636 0 0.10959 0.10959
0.48675 0.48675 0.63663 0 0.10959 0.10959
0.48682 0.48682 0.63663 0 0.10975 0.10975
0.48682 0.48682 0.63667 0 0.10975 0.10975
0.48879 0.48879 0.63667 0 0.10991 0.10991
0.48879 0.48879 0.63782 0 0.10991 0.10991
0.49036 0.49036 0.63782 0 0.11048 0.11048
0.49036 0.49036 0.63824 0 0.11048 0.11048
0.4904 0.4904 0.63843 0 0.11058 0.11058
0.4904 0.4904 0.63882 0 0.11058 0.11058
0.49083 0.49083 0.63882 0 0.11102 0.11102
0.49083 0.49083 0.63884 0 0.11102 0.11102
0.49119 0.49119 0.63884 0 0.11107 0.11107
0.49119 0.49119 0.6396 0 0.11161 0.11161
0.4932 0.4932 0.6396 0 0.11161 0.11161
0.4932 0.4932 0.63977 0 0.1117 0.1117
0.49485 0.49485 0.63977 0 0.1117 0.1117
0.49485 0.49485 0.63995 0 0.11239 0.11239
0.49758 0.49758 0.63995 0 0.11239 0.11239
0.49758 0.49758 0.64006 0 0.11251 0.11251
0.49819 0.49819 0.64006 0 0.11251 0.11251
0.49819 0.49819 0.64072 0 0.11289 0.11289
0.49832 0.49832 0.64072 0 0.11289 0.11289
0.49832 0.49832 0.64102 0 0.113 0.113
0.49839 0.49839 0.64102 0 0.113 0.113
0.49839 0.49839 0.64172 0 0.11357 0.11357
0.49884 0.49884 0.64172 0 0.11357 0.11357
0.49884 0.49884 0.64181 0 0.11453 0.11453
0.50033 0.50033 0.64181 0 0.11453 0.11453
0.50033 0.50033 0.64232 0 0.11461 0.11461
0.50063 0.50063 0.64232 0 0.11461 0.11461
0.50063 0.50063 0.64243 0 0.11496 0.11496
0.50529 0.50529 0.64243 0 0.11496 0.11496
0.50529 0.50529 0.64254 0 0.11509 0.11509
0.5075 0.5075 0.64254 0 0.11509 0.11509
0.5075 0.5075 0.6429 0 0.11509 0.11509
0.5086 0.5086 0.6429 0 0.11509 0.11509
0.5086 0.5086 0.64308 0 0.11537 0.11537
0.5097 0.5097 0.64308 0 0.11537 0.11537
0.5097 0.5097 0.64384 0 0.11617 0.11617
0.51143 0.51143 0.64384 0 0.11617 0.11617
0.51143 0.51143 0.64462 0 0.11691 0.11691
0.51193 0.51193 0.64462 0 0.11691 0.11691
0.51193 0.51193 0.64464 0 0.11708 0.11708
0.51222 0.51222 0.64464 0 0.11708 0.11708
0.51222 0.51222 0.64502 0 0.11764 0.11764
0.51235 0.51235 0.64502 0 0.11764 0.11764
0.51235 0.51235 0.64525 0 0.11789 0.11789
0.51275 0.51275 0.64525 0 0.11789 0.11789
0.51275 0.51275 0.64546 0 0.11853 0.11853
0.51454 0.51454 0.64546 0 0.11853 0.11853
0.51454 0.51454 0.64568 0 0.11887 0.11887
0.51736 0.51736 0.64568 0 0.11887 0.11887
0.51895 0.51895 0.64708 0 0.11938 0.11938
0.51895 0.51895 0.64708 0 0.11956 0.11956
0.52017 0.52017 0.64768 0 0.11956 0.11956
0.52017 0.52017 0.64768 0 0.1199 0.1199
0.52082 0.52082 0.64796 0 0.1199 0.1199
0.52237 0.52237 0.64796 0 0.12036 0.12036
0.52237 0.52237 0.6486 0 0.12036 0.12036
0.52252 0.52252 0.6486 0 0.12072 0.12072
0.52297 0.52297 0.64862 0 0.12072 0.12072
0.52297 0.52297 0.64862 0 0.12075 0.12075
0.52394 0.52394 0.64934 0 0.12075 0.12075
0.52394 0.52394 0.64934 0 0.12107 0.12107
0.52427 0.52427 0.6494 0 0.12138 0.12138
0.52513 0.52513 0.6494 0 0.12138 0.12138
0.52513 0.52513 0.64941 0 0.12144 0.12144
0.52535 0.52535 0.65 0 0.12144 0.12144
0.52535 0.52535 0.65 0 0.12157 0.12157
0.5278 0.5278 0.65012 0 0.12157 0.12157
0.5278 0.5278 0.65012 0 0.1221 0.1221
0.53053 0.53053 0.65036 0 0.1221 0.1221
0.53053 0.53053 0.65036 0 0.12215 0.12215
0.53259 0.53259 0.65038 0 0.12215 0.12215
0.53259 0.53259 0.65038 0 0.12219 0.12219
0.53396 0.53396 0.65118 0 0.12254 0.12254
0.53396 0.53396 0.65118 0 0.12254 0.12254
0.53445 0.53445 0.65192 0 0.12255 0.12255
0.53445 0.53445 0.65192 0 0.12255 0.12255
0.53604 0.53604 0.65208 0 0.12308 0.12308
0.53604 0.53604 0.65208 0 0.12308 0.12308
0.53631 0.53631 0.65314 0 0.12319 0.12319
0.53631 0.53631 0.65314 0 0.12319 0.12319
0.53645 0.53645 0.65353 0 0.1232 0.1232
0.53645 0.53645 0.65353 0 0.1232 0.1232
0.53936 0.53936 0.65387 0 0.12403 0.12403
0.53936 0.53936 0.65387 0 0.12403 0.12403
0.5408 0.5408 0.65515 0 0.12437 0.12437
0.5408 0.5408 0.65515 0 0.12437 0.12437
0.54347 0.54347 0.65552 0 0.12594 0.12594
0.54347 0.54347 0.65552 0 0.12594 0.12594
0.54382 0.54382 0.65607 0 0.12597 0.12597
0.54382 0.54382 0.65607 0 0.12597 0.12597
0.54449 0.54449 0.65679 0 0.12599 0.12599
0.54472 0.54472 0.65679 0 0.12599 0.12599
0.54472 0.54472 0.65838 0 0.12632 0.12632
0.54497 0.54497 0.65838 0 0.12632 0.12632
0.54497 0.54497 0.65858 0 0.12707 0.12707
0.54556 0.54556 0.65858 0 0.12707 0.12707
0.54556 0.54556 0.65865 0 0.12774 0.12774
0.54628 0.54628 0.6593 0 0.12774 0.12774
0.54628 0.54628 0.6593 0 0.1279 0.1279
0.54705 0.54705 0.65977 0 0.12806 0.12806
0.54705 0.54705 0.65977 0 0.12806 0.12806
0.54899 0.54899 0.66143 0 0.1284 0.1284
0.54899 0.54899 0.66143 0 0.1284 0.1284
0.54996 0.54996 0.66165 0 0.12873 0.12873
0.54996 0.54996 0.66165 0 0.12873 0.12873
0.55049 0.55049 0.66211 0 0.12877 0.12877
0.55049 0.55049 0.66211 0 0.12877 0.12877
0.55257 0.55257 0.66263 0 0.12907 0.12907
0.55257 0.55257 0.66263 0 0.12912 0.12912
0.55387 0.55387 0.66313 0 0.12912 0.12912
0.55387 0.55387 0.66313 0 0.12935 0.12935
0.55449 0.55449 0.66353 0 0.12956 0.12956
0.55449 0.55449 0.66353 0 0.12956 0.12956
0.55485 0.55485 0.66368 0 0.13071 0.13071
0.55485 0.55485 0.66368 0 0.13071 0.13071
0.55527 0.55527 0.66414 0 0.13089 0.13089
0.55527 0.55527 0.66688 0 0.13089 0.13089
0.55538 0.55538 0.66701 0 0.13091 0.13091
0.55538 0.55538 0.66701 0 0.13091 0.13091
0.55608 0.55608 0.66787 0 0.13104 0.13104
0.55608 0.55608 0.66787 0 0.13104 0.13104
0.5574 0.5574 0.66866 0 0.13115 0.13115
0.5574 0.5574 0.66866 0 0.13115 0.13115
0.55782 0.55782 0.66979 0 0.13123 0.13123
0.55782 0.55782 0.66979 0 0.13123 0.13123
0.5579 0.5579 0.67031 0 0.1317 0.1317
0.5582 0.5582 0.67031 0 0.1317 0.1317
0.5582 0.5582 0.67102 0 0.13171 0.13171
0.55878 0.55878 0.67102 0 0.13171 0.13171
0.55878 0.55878 0.67129 0 0.13201 0.13201
0.55964 0.55964 0.67129 0 0.13201 0.13201
0.55964 0.55964 0.67208 0 0.13219 0.13219
0.55974 0.55974 0.67208 0 0.13219 0.13219
0.55974 0.55974 0.67231 0 0.13234 0.13234
0.56088 0.56088 0.67231 0 0.13234 0.13234
0.56088 0.56088 0.67312 0 0.13241 0.13241
0.56097 0.56097 0.67312 0 0.13241 0.13241
0.56097 0.56097 0.67375 0 0.13248 0.13248
0.56216 0.56216 0.67446 0 0.13248 0.13248
0.56216 0.56216 0.67446 0 0.13248 0.13248
0.56269 0.56269 0.67483 0 0.13248 0.13248
0.56269 0.56269 0.67483 0 0.13306 0.13306
0.56295 0.56295 0.67538 0 0.13306 0.13306
0.56366 0.56366 0.67538 0 0.13328 0.13328
0.56366 0.56366 0.67604 0 0.13328 0.13328
0.56366 0.56366 0.67604 0 0.13367 0.13367
0.56366 0.56366 0.67635 0 0.13367 0.13367
0.56463 0.56463 0.67635 0 0.13387 0.13387
0.56463 0.56463 0.67638 0 0.13387 0.13387
0.5652 0.5652 0.67638 0 0.1344 0.1344
0.5652 0.5652 0.67675 0 0.1344 0.1344
0.5655 0.5655 0.67675 0 0.13473 0.13473
0.5655 0.5655 0.67688 0 0.13473 0.13473
0.56701 0.56701 0.67688 0 0.13576 0.13576
0.56701 0.56701 0.67709 0 0.13576 0.13576
0.56728 0.56728 0.67709 0 0.13661 0.13661
0.56728 0.56728 0.67808 0 0.13661 0.13661
0.56751 0.56751 0.67808 0 0.13679 0.13679
0.56751 0.56751 0.67934 0 0.13679 0.13679
0.56861 0.56861 0.67934 0 0.13682 0.13682
0.56861 0.56861 0.67967 0 0.13682 0.13682
0.56929 0.56929 0.67967 0 0.13765 0.13765
0.56929 0.56929 0.68056 0 0.13765 0.13765
0.56973 0.56973 0.68056 0 0.13778 0.13778
0.56973 0.56973 0.68059 0 0.13778 0.13778
0.57128 0.57128 0.68059 0 0.1378 0.1378
0.57216 0.57216 0.68073 0 0.1378 0.1378
0.57216 0.57216 0.68073 0 0.13795 0.13795
0.57331 0.57331 0.68093 0 0.13795 0.13795
0.57331 0.57331 0.68093 0 0.13813 0.13813
0.57527 0.57527 0.68161 0 0.13813 0.13813
0.57527 0.57527 0.68161 0 0.13943 0.13943
0.57569 0.57569 0.68249 0 0.13943 0.13943
0.57569 0.57569 0.68249 0 0.13987 0.13987
0.57652 0.57652 0.68304 0 0.14116 0.14116
0.57652 0.57652 0.68304 0 0.14116 0.14116
0.57805 0.57805 0.68325 0 0.14121 0.14121
0.57805 0.57805 0.68376 0 0.14121 0.14121
0.57905 0.57905 0.68376 0 0.14126 0.14126
0.57905 0.57905 0.68381 0 0.14126 0.14126
0.58015 0.58015 0.68381 0 0.1421 0.1421
0.58015 0.58015 0.68408 0 0.1421 0.1421
0.58112 0.58112 0.68408 0 0.14242 0.14242
0.58112 0.58112 0.68408 0 0.14242 0.14242
0.58161 0.58161 0.68455 0 0.14311 0.14311
0.58161 0.58161 0.68455 0 0.14311 0.14311
0.58213 0.58213 0.68458 0 0.14343 0.14343
0.58213 0.58213 0.68458 0 0.14343 0.14343
0.58237 0.58237 0.68521 0 0.14351 0.14351
0.58237 0.58237 0.68521 0 0.14444 0.14444
0.5837 0.5837 0.68601 0 0.14444 0.14444
0.58442 0.58442 0.68601 0 0.14564 0.14564
0.58442 0.58442 0.68619 0 0.14564 0.14564
0.58444 0.58444 0.68619 0 0.14596 0.14596
0.58483 0.58483 0.68619 0 0.14598 0.14598
0.58483 0.58483 0.68619 0 0.14598 0.14598
0.5871 0.5871 0.68699 0 0.14646 0.14646
0.5871 0.5871 0.68699 0 0.14646 0.14646
0.58751 0.58751 0.68753 0 0.14679 0.14679
0.58751 0.58751 0.68753 0 0.14679 0.14679
0.58825 0.58825 0.68862 0 0.147 0.147
0.58825 0.58825 0.68862 0 0.147 0.147
0.58886 0.58886 0.68981 0 0.14721 0.14721
0.58886 0.58886 0.68981 0 0.14721 0.14721
0.5895 0.5895 0.68983 0 0.14763 0.14763
0.5895 0.5895 0.68983 0 0.14763 0.14763
0.5899 0.5899 0.68998 0 0.14821 0.14821
0.5899 0.5899 0.68998 0 0.14821 0.14821
0.59084 0.59084 0.69 0 0.14913 0.14913
0.59084 0.59084 0.69 0 0.14913 0.14913
0.59265 0.59265 0.69024 0 0.14922 0.14922
0.59265 0.59265 0.69024 0 0.14922 0.14922
0.59283 0.59283 0.69052 0 0.1493 0.1493
0.59283 0.59283 0.69077 0 0.1493 0.1493
0.59308 0.59308 0.69077 0 0.14949 0.14949
0.59308 0.59308 0.69093 0 0.14949 0.14949
0.59425 0.59425 0.69103 0 0.14975 0.14975
0.59425 0.59425 0.69103 0 0.14975 0.14975
0.59537 0.59537 0.69332 0 0.15005 0.15005
0.59537 0.59537 0.69332 0 0.15005 0.15005
0.59654 0.59654 0.69338 0 0.15018 0.15018
0.59654 0.59654 0.69338 0 0.15018 0.15018
0.59694 0.59694 0.69435 0 0.15135 0.15135
0.59694 0.59694 0.69435 0 0.15135 0.15135
0.59755 0.59755 0.69458 0 0.15181 0.15181
0.59755 0.59755 0.69458 0 0.15181 0.15181
0.60037 0.60037 0.69498 0 0.15253 0.15253
0.60037 0.60037 0.69498 0 0.15253 0.15253
0.60043 0.60043 0.69539 0 0.15361 0.15361
0.60043 0.60043 0.69539 0 0.15361 0.15361
0.60068 0.60068 0.69561 0 0.15385 0.15385
0.60068 0.60068 0.69561 0 0.15385 0.15385
0.60157 0.60157 0.69616 0 0.15485 0.15485
0.60355 0.60355 0.69616 0 0.15485 0.15485
0.60355 0.60355 0.69619 0 0.15532 0.15532
0.60362 0.60362 0.69619 0 0.15532 0.15532
0.60362 0.60362 0.6971 0 0.15556 0.15556
0.60368 0.60368 0.6971 0 0.15556 0.15556
0.60368 0.60368 0.6972 0 0.15642 0.15642
0.60465 0.60465 0.6972 0 0.15642 0.15642
0.60465 0.60465 0.69792 0 0.15729 0.15729
0.60544 0.60544 0.69792 0 0.15729 0.15729
0.60544 0.60544 0.69826 0 0.15763 0.15763
0.60694 0.60694 0.69826 0 0.15763 0.15763
0.60694 0.60694 0.69862 0 0.15817 0.15817
0.607 0.607 0.69862 0 0.15817 0.15817
0.607 0.607 0.69868 0 0.15852 0.15852
0.607 0.607 0.69868 0 0.15852 0.15852
0.607 0.607 0.69874 0 0.159 0.159
0.60703 0.60703 0.69874 0 0.15928 0.15928
0.60703 0.60703 0.7001 0 0.15928 0.15928
0.60845 0.60845 0.70115 0 0.15997 0.15997
0.60845 0.60845 0.70115 0 0.15997 0.15997
0.60896 0.60896 0.70302 0 0.16077 0.16077
0.60904 0.60904 0.70302 0 0.16077 0.16077
0.60904 0.60904 0.70334 0 0.16119 0.16119
0.6095 0.6095 0.70334 0 0.16119 0.16119
0.6095 0.6095 0.70433 0 0.16129 0.16129
0.61053 0.61053 0.70433 0 0.16129 0.16129
0.61053 0.61053 0.70481 0 0.16145 0.16145
0.61075 0.61075 0.70481 0 0.16145 0.16145
0.61075 0.61075 0.70531 0 0.16169 0.16169
0.61125 0.61125 0.70531 0 0.16169 0.16169
0.61125 0.61125 0.70537 0 0.1625 0.1625
0.61244 0.61244 0.70537 0 0.1625 0.1625
0.61244 0.61244 0.70589 0 0.16255 0.16255
0.61487 0.61487 0.707 0 0.16255 0.16255
0.61487 0.61487 0.707 0 0.16285 0.16285
0.61511 0.61511 0.70711 0 0.16285 0.16285
0.61592 0.61592 0.70711 0 0.16297 0.16297
0.61592 0.61592 0.7074 0 0.16297 0.16297
0.61674 0.61674 0.7074 0 0.16307 0.16307
0.61674 0.61674 0.70759 0 0.16307 0.16307
0.6168 0.6168 0.70759 0 0.16407 0.16407
0.6168 0.6168 0.70768 0 0.16431 0.16431
0.61757 0.61757 0.70768 0 0.16431 0.16431
0.61757 0.61757 0.70769 0 0.16624 0.16624
0.61904 0.61904 0.70812 0 0.16624 0.16624
0.61904 0.61904 0.70812 0 0.16662 0.16662
0.61923 0.61923 0.70843 0 0.16662 0.16662
0.61923 0.61923 0.70843 0 0.16662 0.16662
0.61923 0.61923 0.70984 0 0.16677 0.16677
0.61923 0.61923 0.71025 0 0.16677 0.16677
0.61989 0.61989 0.71025 0 0.16686 0.16686
0.61995 0.61995 0.71026 0 0.16686 0.16686
0.61995 0.61995 0.71026 0 0.16752 0.16752
0.62171 0.62171 0.71094 0 0.16752 0.16752
0.62171 0.62171 0.71094 0 0.16753 0.16753
0.6237 0.6237 0.7114 0 0.16753 0.16753
0.6237 0.6237 0.7114 0 0.16775 0.16775
0.62385 0.62385 0.71301 0 0.16775 0.16775
0.62385 0.62385 0.71301 0 0.16808 0.16808
0.62442 0.62442 0.71326 0 0.16808 0.16808
0.62442 0.62442 0.71326 0 0.169 0.169
0.62452 0.62452 0.7133 0 0.169 0.169
0.62452 0.62452 0.7133 0 0.17064 0.17064
0.62563 0.62563 0.71383 0 0.17064 0.17064
0.62563 0.62563 0.71383 0 0.17078 0.17078
0.62652 0.62652 0.71436 0 0.17139 0.17139
0.62652 0.62652 0.71436 0 0.17139 0.17139
0.62812 0.62812 0.7148 0 0.17224 0.17224
0.62812 0.62812 0.7148 0 0.17224 0.17224
0.62864 0.62864 0.71549 0 0.17276 0.17276
0.62864 0.62864 0.71549 0 0.17276 0.17276
0.63238 0.63238 0.71725 0 0.17289 0.17289
0.63238 0.63238 0.71725 0 0.17289 0.17289
0.63288 0.63288 0.71742 0 0.17307 0.17307
0.63288 0.63288 0.71742 0 0.17307 0.17307
0.63342 0.63342 0.71779 0 0.17318 0.17318
0.63342 0.63342 0.71779 0 0.17318 0.17318
0.63358 0.63358 0.71785 0 0.17366 0.17366
0.6345 0.6345 0.71785 0 0.17366 0.17366
0.6345 0.6345 0.7179 0 0.17392 0.17392
0.63483 0.63483 0.71896 0 0.17392 0.17392
0.63483 0.63483 0.71896 0 0.17426 0.17426
0.63501 0.63501 0.71923 0 0.17426 0.17426
0.63501 0.63501 0.71923 0 0.17462 0.17462
0.63589 0.63589 0.71931 0 0.17462 0.17462
0.63589 0.63589 0.71931 0 0.17536 0.17536
0.63636 0.63636 0.72007 0 0.17536 0.17536
0.63636 0.63636 0.72007 0 0.17541 0.17541
0.63663 0.63663 0.72052 0 0.17541 0.17541
0.63663 0.63663 0.72052 0 0.17597 0.17597
0.63667 0.63667 0.72082 0 0.17597 0.17597
0.63667 0.63667 0.72082 0 0.17639 0.17639
0.63782 0.63782 0.72115 0 0.17683 0.17683
0.63782 0.63782 0.72115 0 0.17683 0.17683
0.63824 0.63824 0.7212 0 0.17721 0.17721
0.63843 0.63843 0.7212 0 0.17721 0.17721
0.63882 0.63882 0.72212 0 0.17729 0.17729
0.63882 0.63882 0.72212 0 0.17729 0.17729
0.63884 0.63884 0.72222 0 0.17803 0.17803
0.63884 0.63884 0.72222 0 0.17803 0.17803
0.63995 0.63995 0.72317 0 0.17819 0.17819
0.63995 0.63995 0.72317 0 0.17819 0.17819
0.64172 0.64172 0.7234 0 0.17827 0.17827
0.64172 0.64172 0.7234 0 0.17827 0.17827
0.64181 0.64181 0.72375 0 0.17847 0.17847
0.64181 0.64181 0.72375 0 0.17847 0.17847
0.64243 0.64243 0.72425 0 0.17957 0.17957
0.64243 0.64243 0.72425 0 0.18004 0.18004
0.6429 0.6429 0.72435 0 0.18026 0.18026
0.6429 0.6429 0.72435 0 0.18026 0.18026
0.64308 0.64308 0.7255 0 0.1804 0.1804
0.64308 0.64308 0.7255 0 0.1804 0.1804
0.64462 0.64462 0.72562 0 0.18137 0.18137
0.64462 0.64462 0.72562 0 0.18137 0.18137
0.64464 0.64464 0.72633 0 0.18148 0.18148
0.64464 0.64464 0.72633 0 0.18148 0.18148
0.64502 0.64502 0.72672 0 0.1815 0.1815
0.64502 0.64502 0.72672 0 0.1815 0.1815
0.64568 0.64568 0.72678 0 0.18156 0.18156
0.64568 0.64568 0.72678 0 0.18156 0.18156
0.64768 0.64768 0.72731 0 0.18195 0.18195
0.64768 0.64768 0.72731 0 0.18195 0.18195
0.64796 0.64796 0.72891 0 0.1824 0.1824
0.64796 0.64796 0.72891 0 0.1824 0.1824
0.64934 0.64934 0.72908 0 0.18292 0.18292
0.64934 0.64934 0.72908 0 0.18292 0.18292
0.6494 0.6494 0.72948 0 0.18382 0.18382
0.6494 0.6494 0.72948 0 0.18382 0.18382
0.65012 0.65012 0.72994 0 0.18482 0.18482
0.65012 0.65012 0.72994 0 0.18482 0.18482
0.65036 0.65036 0.73024 0 0.18533 0.18533
0.65036 0.65036 0.73024 0 0.18533 0.18533
0.65038 0.65038 0.73106 0 0.18552 0.18552
0.65038 0.65038 0.73106 0 0.18552 0.18552
0.65208 0.65208 0.73218 0 0.18603 0.18603
0.65208 0.65208 0.73218 0 0.18603 0.18603
0.65314 0.65314 0.73218 0 0.1861 0.1861
0.65314 0.65314 0.73218 0 0.1861 0.1861
0.65387 0.65387 0.73364 0 0.18619 0.18619
0.65387 0.65387 0.73364 0 0.18619 0.18619
0.65515 0.65515 0.7337 0 0.18691 0.18691
0.65515 0.65515 0.7337 0 0.18798 0.18798
0.65552 0.65552 0.7338 0 0.18837 0.18837
0.65552 0.65552 0.7338 0 0.18837 0.18837
0.65607 0.65607 0.73396 0 0.18851 0.18851
0.65607 0.65607 0.73396 0 0.18851 0.18851
0.65679 0.65679 0.73422 0 0.18886 0.18886
0.65679 0.65679 0.73422 0 0.18886 0.18886
0.65838 0.65838 0.73511 0 0.18929 0.18929
0.65838 0.65838 0.73511 0 0.18929 0.18929
0.65858 0.65858 0.73561 0 0.18947 0.18947
0.65858 0.65858 0.73561 0 0.18947 0.18947
0.65865 0.65865 0.73591 0 0.18968 0.18968
0.6593 0.6593 0.73614 0 0.18968 0.18968
0.6593 0.6593 0.73614 0 0.18974 0.18974
0.65977 0.65977 0.73677 0 0.18974 0.18974
0.65977 0.65977 0.73842 0 0.19013 0.19013
0.66143 0.66143 0.73842 0 0.19013 0.19013
0.66143 0.66143 0.73847 0 0.19093 0.19093
0.66165 0.66165 0.73847 0 0.19093 0.19093
0.66165 0.66165 0.73864 0 0.19214 0.19214
0.66211 0.66211 0.73864 0 0.19214 0.19214
0.66211 0.66211 0.73974 0 0.19248 0.19248
0.66263 0.66263 0.73974 0 0.19248 0.19248
0.66263 0.66263 0.74043 0 0.19258 0.19258
0.66313 0.66313 0.74043 0 0.19258 0.19258
0.66313 0.66313 0.74062 0 0.19357 0.19357
0.66353 0.66353 0.74062 0 0.19357 0.19357
0.66353 0.66353 0.74077 0 0.19384 0.19384
0.66368 0.66368 0.74237 0 0.19384 0.19384
0.66368 0.66368 0.74248 0 0.19589 0.19589
0.66414 0.66414 0.74248 0 0.19589 0.19589
0.66701 0.66701 0.7429 0 0.1969 0.1969
0.66701 0.66701 0.7429 0 0.1969 0.1969
0.66787 0.66787 0.74317 0 0.19733 0.19733
0.66787 0.66787 0.74317 0 0.19733 0.19733
0.66866 0.66866 0.74387 0 0.19751 0.19751
0.66866 0.66866 0.74387 0 0.19751 0.19751
0.66979 0.66979 0.74392 0 0.19754 0.19754
0.66979 0.66979 0.74392 0 0.19754 0.19754
0.67031 0.67031 0.74398 0 0.19767 0.19767
0.67031 0.67031 0.74398 0 0.19788 0.19788
0.67102 0.67102 0.74428 0 0.19809 0.19809
0.67102 0.67102 0.74428 0 0.19809 0.19809
0.67129 0.67129 0.74535 0 0.1981 0.1981
0.67129 0.67129 0.74535 0 0.1981 0.1981
0.67208 0.67208 0.74592 0 0.19839 0.19839
0.67208 0.67208 0.74592 0 0.19839 0.19839
0.67312 0.67312 0.74644 0 0.19863 0.19863
0.67312 0.67312 0.74676 0 0.19863 0.19863
0.67375 0.67375 0.74676 0 0.19911 0.19911
0.67483 0.67483 0.74714 0 0.19911 0.19911
0.67483 0.67483 0.74714 0 0.19948 0.19948
0.67635 0.67635 0.74719 0 0.19948 0.19948
0.67635 0.67635 0.74719 0 0.20066 0.20066
0.67638 0.67638 0.74853 0 0.20066 0.20066
0.67638 0.67638 0.74853 0 0.201 0.201
0.67675 0.67675 0.74922 0 0.201 0.201
0.67675 0.67675 0.74922 0 0.20124 0.20124
0.67709 0.67709 0.74974 0 0.20124 0.20124
0.67709 0.67709 0.74974 0 0.20128 0.20128
0.67934 0.67934 0.75007 0 0.20128 0.20128
0.67934 0.67934 0.75007 0 0.20223 0.20223
0.68056 0.68056 0.7512 0 0.20223 0.20223
0.68056 0.68056 0.7512 0 0.20251 0.20251
0.68059 0.68059 0.75161 0 0.20276 0.20276
0.68059 0.68059 0.75161 0 0.20276 0.20276
0.68073 0.68073 0.75213 0 0.20284 0.20284
0.68073 0.68073 0.75213 0 0.20284 0.20284
0.68093 0.68093 0.75244 0 0.20312 0.20312
0.68093 0.68093 0.75244 0 0.20312 0.20312
0.68249 0.68249 0.7528 0 0.20482 0.20482
0.68249 0.68249 0.7528 0 0.20482 0.20482
0.68304 0.68304 0.7531 0 0.20499 0.20499
0.68304 0.68304 0.7531 0 0.20499 0.20499
0.68376 0.68376 0.75424 0 0.20509 0.20509
0.68376 0.68376 0.75424 0 0.20509 0.20509
0.68408 0.68408 0.75424 0 0.2056 0.2056
0.68408 0.68408 0.75424 0 0.2056 0.2056
0.68408 0.68408 0.75445 0 0.20562 0.20562
0.68455 0.68455 0.75445 0 0.20562 0.20562
0.68455 0.68455 0.75467 0 0.20576 0.20576
0.68458 0.68458 0.75467 0 0.20576 0.20576
0.68458 0.68458 0.75486 0 0.20606 0.20606
0.68521 0.68521 0.75486 0 0.20606 0.20606
0.68521 0.68521 0.75663 0 0.20647 0.20647
0.68601 0.68601 0.75663 0 0.20647 0.20647
0.68601 0.68601 0.75669 0 0.20688 0.20688
0.68619 0.68619 0.75748 0 0.20688 0.20688
0.68619 0.68619 0.75748 0 0.20689 0.20689
0.68699 0.68699 0.75807 0 0.20689 0.20689
0.68699 0.68699 0.75807 0 0.20717 0.20717
0.68753 0.68753 0.7586 0 0.20717 0.20717
0.68753 0.68753 0.7586 0 0.20858 0.20858
0.68981 0.68981 0.75861 0 0.20858 0.20858
0.68981 0.68981 0.75861 0 0.20921 0.20921
0.68998 0.68998 0.75915 0 0.20921 0.20921
0.68998 0.68998 0.75915 0 0.20923 0.20923
0.69 0.69 0.76029 0 0.20923 0.20923
0.69 0.69 0.76029 0 0.20928 0.20928
0.69024 0.69024 0.76061 0 0.20928 0.20928
0.69024 0.69024 0.76061 0 0.21044 0.21044
0.69052 0.69052 0.76076 0 0.21044 0.21044
0.69077 0.69077 0.76076 0 0.21069 0.21069
0.69077 0.69077 0.76199 0 0.21069 0.21069
0.69093 0.69093 0.76199 0 0.21126 0.21126
0.69338 0.69338 0.76211 0 0.21126 0.21126
0.69338 0.69338 0.76211 0 0.21169 0.21169
0.69458 0.69458 0.76229 0 0.21169 0.21169
0.69458 0.69458 0.76285 0 0.21173 0.21173
0.69498 0.69498 0.76285 0 0.21173 0.21173
0.69498 0.69498 0.76353 0 0.21175 0.21175
0.69561 0.69561 0.76353 0 0.21175 0.21175
0.69561 0.69561 0.76413 0 0.2124 0.2124
0.69616 0.69616 0.76413 0 0.2124 0.2124
0.69616 0.69616 0.76414 0 0.2133 0.2133
0.69619 0.69619 0.76414 0 0.2133 0.2133
0.69619 0.69619 0.76484 0 0.21365 0.21365
0.6971 0.6971 0.76484 0 0.21365 0.21365
0.6971 0.6971 0.76518 0 0.21412 0.21412
0.69826 0.69826 0.76518 0 0.21412 0.21412
0.69826 0.69826 0.76588 0 0.21422 0.21422
0.69862 0.69862 0.76588 0 0.21422 0.21422
0.69862 0.69862 0.76648 0 0.21466 0.21466
0.69874 0.69874 0.76648 0 0.21466 0.21466
0.69874 0.69874 0.7668 0 0.21554 0.21554
0.70302 0.70302 0.7668 0 0.21574 0.21574
0.70302 0.70302 0.76752 0 0.21574 0.21574
0.70334 0.70334 0.76752 0 0.21597 0.21597
0.70334 0.70334 0.76931 0 0.21597 0.21597
0.70481 0.70481 0.76931 0 0.21675 0.21675
0.70481 0.70481 0.76935 0 0.21675 0.21675
0.70531 0.70531 0.76935 0 0.21733 0.21733
0.70531 0.70531 0.7702 0 0.21733 0.21733
0.70537 0.70537 0.7702 0 0.21764 0.21764
0.70537 0.70537 0.7713 0 0.21764 0.21764
0.70589 0.70589 0.7713 0 0.21843 0.21843
0.707 0.707 0.77143 0 0.21843 0.21843
0.707 0.707 0.77143 0 0.21973 0.21973
0.70711 0.70711 0.77197 0 0.21973 0.21973
0.70711 0.70711 0.77197 0 0.22045 0.22045
0.7074 0.7074 0.77214 0 0.22045 0.22045
0.7074 0.7074 0.77214 0 0.22095 0.22095
0.70769 0.70769 0.77225 0 0.22095 0.22095
0.70812 0.70812 0.77225 0 0.22095 0.22095
0.70812 0.70812 0.7735 0 0.22095 0.22095
0.70843 0.70843 0.77419 0 0.22133 0.22133
0.70843 0.70843 0.77419 0 0.22133 0.22133
0.70984 0.70984 0.77456 0 0.22196 0.22196
0.71025 0.71025 0.77456 0 0.22196 0.22196
0.71025 0.71025 0.77514 0 0.22198 0.22198
0.71026 0.71026 0.77514 0 0.22198 0.22198
0.71026 0.71026 0.77557 0 0.22366 0.22366
0.7114 0.7114 0.77557 0 0.22366 0.22366
0.7114 0.7114 0.77571 0 0.22381 0.22381
0.71301 0.71301 0.77571 0 0.22381 0.22381
0.71301 0.71301 0.77626 0 0.22407 0.22407
0.71326 0.71326 0.77626 0 0.22407 0.22407
0.71326 0.71326 0.77678 0 0.22495 0.22495
0.7133 0.7133 0.77678 0 0.22495 0.22495
0.7133 0.7133 0.77694 0 0.22532 0.22532
0.7148 0.7148 0.77694 0 0.22532 0.22532
0.7148 0.7148 0.77763 0 0.22692 0.22692
0.71549 0.71549 0.77783 0 0.22692 0.22692
0.71549 0.71549 0.77783 0 0.22782 0.22782
0.71725 0.71725 0.77813 0 0.22782 0.22782
0.71725 0.71725 0.77857 0 0.22788 0.22788
0.71742 0.71742 0.77857 0 0.22788 0.22788
0.71742 0.71742 0.77883 0 0.22847 0.22847
0.71785 0.71785 0.77883 0 0.22847 0.22847
0.71785 0.71785 0.77928 0 0.22849 0.22849
0.71896 0.71896 0.77928 0 0.22849 0.22849
0.71896 0.71896 0.77999 0 0.22851 0.22851
0.71931 0.71931 0.77999 0 0.22851 0.22851
0.71931 0.71931 0.7816 0 0.22906 0.22906
0.72007 0.72007 0.7816 0 0.22906 0.22906
0.72007 0.72007 0.78238 0 0.22939 0.22939
0.72052 0.72052 0.78238 0 0.22939 0.22939
0.72052 0.72052 0.78283 0 0.23145 0.23145
0.72082 0.72082 0.78283 0 0.23145 0.23145
0.72082 0.72082 0.78367 0 0.23155 0.23155
0.7212 0.7212 0.78367 0 0.23155 0.23155
0.7212 0.7212 0.78389 0 0.23278 0.23278
0.72212 0.72212 0.78389 0 0.23278 0.23278
0.72212 0.72212 0.78411 0 0.23297 0.23297
0.72222 0.72222 0.78411 0 0.23297 0.23297
0.72222 0.72222 0.78515 0 0.23311 0.23311
0.72317 0.72317 0.78515 0 0.23322 0.23322
0.72317 0.72317 0.78554 0 0.23322 0.23322
0.7234 0.7234 0.78554 0 0.23362 0.23362
0.7234 0.7234 0.78662 0 0.23362 0.23362
0.72375 0.72375 0.78699 0 0.23465 0.23465
0.72375 0.72375 0.78699 0 0.23472 0.23472
0.7255 0.7255 0.78712 0 0.23472 0.23472
0.7255 0.7255 0.78712 0 0.23498 0.23498
0.72562 0.72562 0.7872 0 0.23522 0.23522
0.72562 0.72562 0.7872 0 0.23605 0.23605
0.72672 0.72672 0.78796 0 0.23605 0.23605
0.72672 0.72672 0.78796 0 0.23606 0.23606
0.72678 0.72678 0.78797 0 0.23606 0.23606
0.72678 0.72678 0.78797 0 0.2366 0.2366
0.72891 0.72891 0.78891 0 0.2366 0.2366
0.72891 0.72891 0.78891 0 0.23664 0.23664
0.72948 0.72948 0.78899 0 0.23664 0.23664
0.72948 0.72948 0.78899 0 0.23878 0.23878
0.73024 0.73024 0.78906 0 0.23878 0.23878
0.73024 0.73024 0.78933 0 0.239 0.239
0.73106 0.73106 0.78933 0 0.239 0.239
0.73106 0.73106 0.7906 0 0.23904 0.23904
0.73218 0.73218 0.7906 0 0.23904 0.23904
0.73218 0.73218 0.79087 0 0.23932 0.23932
0.73364 0.73364 0.79087 0 0.23932 0.23932
0.73364 0.73364 0.79115 0 0.23994 0.23994
0.73422 0.73422 0.79115 0 0.23994 0.23994
0.73422 0.73422 0.79217 0 0.24039 0.24039
0.73511 0.73511 0.79217 0 0.24039 0.24039
0.73511 0.73511 0.793 0 0.24067 0.24067
0.73561 0.73561 0.793 0 0.24067 0.24067
0.73561 0.73561 0.79467 0 0.24086 0.24086
0.73591 0.73591 0.79467 0 0.24086 0.24086
0.73614 0.73614 0.79516 0 0.24169 0.24169
0.73614 0.73614 0.79603 0 0.24169 0.24169
0.73847 0.73847 0.79603 0 0.24172 0.24172
0.73847 0.73847 0.79768 0 0.24172 0.24172
0.73864 0.73864 0.79768 0 0.24182 0.24182
0.73864 0.73864 0.79773 0 0.24182 0.24182
0.73974 0.73974 0.79773 0 0.24221 0.24221
0.73974 0.73974 0.7979 0 0.24221 0.24221
0.74062 0.74062 0.7979 0 0.2423 0.2423
0.74062 0.74062 0.7985 0 0.2423 0.2423
0.74077 0.74077 0.7985 0 0.24253 0.24253
0.74237 0.74237 0.7995 0 0.24253 0.24253
0.74248 0.74248 0.79978 0 0.24255 0.24255
0.74248 0.74248 0.79978 0 0.24255 0.24255
0.74317 0.74317 0.79978 0 0.24346 0.24346
0.74317 0.74317 0.79978 0 0.24346 0.24346
0.74387 0.74387 0.79985 0 0.24402 0.24402
0.74387 0.74387 0.79985 0 0.24402 0.24402
0.74392 0.74392 0.79988 0 0.24456 0.24456
0.74392 0.74392 0.79988 0 0.24456 0.24456
0.74398 0.74398 0.8003 0 0.24496 0.24496
0.74398 0.74398 0.8003 0 0.24496 0.24496
0.74428 0.74428 0.80155 0 0.24533 0.24533
0.74428 0.74428 0.80155 0 0.24533 0.24533
0.74535 0.74535 0.80215 0 0.2455 0.2455
0.74535 0.74535 0.80215 0 0.2455 0.2455
0.74644 0.74644 0.8033 0 0.24613 0.24613
0.74714 0.74714 0.8033 0 0.24615 0.24615
0.74714 0.74714 0.8041 0 0.24615 0.24615
0.74853 0.74853 0.8041 0 0.24685 0.24685
0.74853 0.74853 0.80421 0 0.24685 0.24685
0.74922 0.74922 0.80421 0 0.24713 0.24713
0.74922 0.74922 0.80602 0 0.24713 0.24713
0.74974 0.74974 0.80602 0 0.24774 0.24774
0.74974 0.74974 0.80621 0 0.24774 0.24774
0.75007 0.75007 0.80684 0 0.24793 0.24793
0.75007 0.75007 0.80684 0 0.24843 0.24843
0.75161 0.75161 0.80688 0 0.24843 0.24843
0.75161 0.75161 0.80688 0 0.24973 0.24973
0.75213 0.75213 0.80767 0 0.24973 0.24973
0.75213 0.75213 0.80767 0 0.24997 0.24997
0.75244 0.75244 0.80786 0 0.24997 0.24997
0.75244 0.75244 0.80786 0 0.25029 0.25029
0.7531 0.7531 0.80806 0 0.25029 0.25029
0.7531 0.7531 0.80806 0 0.25042 0.25042
0.75424 0.75424 0.80867 0 0.25042 0.25042
0.75424 0.75424 0.80867 0 0.25083 0.25083
0.75445 0.75445 0.80901 0 0.25083 0.25083
0.75445 0.75445 0.80901 0 0.25098 0.25098
0.75467 0.75467 0.80902 0 0.25098 0.25098
0.75467 0.75467 0.80902 0 0.25131 0.25131
0.75663 0.75663 0.81033 0 0.25131 0.25131
0.75663 0.75663 0.81033 0 0.25141 0.25141
0.75748 0.75748 0.81062 0 0.25141 0.25141
0.75748 0.75748 0.81062 0 0.25232 0.25232
0.75861 0.75861 0.81092 0 0.25232 0.25232
0.75861 0.75861 0.81092 0 0.25296 0.25296
0.75915 0.75915 0.81341 0 0.25296 0.25296
0.75915 0.75915 0.81341 0 0.25334 0.25334
0.76029 0.76029 0.81438 0 0.25334 0.25334
0.76029 0.76029 0.81438 0 0.25343 0.25343
0.76061 0.76061 0.81446 0 0.25343 0.25343
0.76061 0.76061 0.81446 0 0.25404 0.25404
0.76211 0.76211 0.81483 0 0.25404 0.25404
0.76211 0.76211 0.81483 0 0.25444 0.25444
0.76229 0.76229 0.81545 0 0.25444 0.25444
0.76353 0.76353 0.81545 0 0.25481 0.25481
0.76353 0.76353 0.81627 0 0.25481 0.25481
0.76414 0.76414 0.81772 0 0.25519 0.25519
0.76414 0.76414 0.81772 0 0.25519 0.25519
0.76484 0.76484 0.81864 0 0.25588 0.25588
0.76484 0.76484 0.81864 0 0.25588 0.25588
0.76518 0.76518 0.81882 0 0.25628 0.25628
0.76518 0.76518 0.81882 0 0.25628 0.25628
0.76588 0.76588 0.81927 0 0.25653 0.25653
0.76588 0.76588 0.81927 0 0.25653 0.25653
0.7668 0.7668 0.81986 0 0.25678 0.25678
0.7668 0.7668 0.81986 0 0.25678 0.25678
0.76752 0.76752 0.82054 0 0.25815 0.25815
0.76752 0.76752 0.82054 0 0.25815 0.25815
0.7702 0.7702 0.82099 0 0.25859 0.25859
0.7702 0.7702 0.82099 0 0.25859 0.25859
0.7713 0.7713 0.82207 0 0.25904 0.25904
0.7713 0.7713 0.82207 0 0.25983 0.25983
0.77143 0.77143 0.82223 0 0.25983 0.25983
0.77143 0.77143 0.82349 0 0.26004 0.26004
0.77197 0.77197 0.82349 0 0.26004 0.26004
0.77197 0.77197 0.8239 0 0.26079 0.26079
0.77214 0.77214 0.8239 0 0.26079 0.26079
0.77214 0.77214 0.82393 0 0.26148 0.26148
0.77225 0.77225 0.82393 0 0.26148 0.26148
0.77225 0.77225 0.82434 0 0.2621 0.2621
0.7735 0.7735 0.82434 0 0.26412 0.26412
0.77456 0.77456 0.82593 0 0.26412 0.26412
0.77456 0.77456 0.82593 0 0.26421 0.26421
0.77514 0.77514 0.82619 0 0.26421 0.26421
0.77514 0.77514 0.82619 0 0.2652 0.2652
0.77571 0.77571 0.82686 0 0.2652 0.2652
0.77571 0.77571 0.82686 0 0.26593 0.26593
0.77678 0.77678 0.82693 0 0.26593 0.26593
0.77678 0.77678 0.82703 0 0.26626 0.26626
0.77694 0.77694 0.82703 0 0.26626 0.26626
0.77694 0.77694 0.82726 0 0.26654 0.26654
0.77783 0.77783 0.82726 0 0.26654 0.26654
0.77783 0.77783 0.82737 0 0.26721 0.26721
0.77813 0.77813 0.82737 0 0.26721 0.26721
0.77883 0.77883 0.8285 0 0.26842 0.26842
0.77883 0.77883 0.8285 0 0.26842 0.26842
0.77928 0.77928 0.82957 0 0.26868 0.26868
0.77928 0.77928 0.82957 0 0.26868 0.26868
0.77999 0.77999 0.83003 0 0.26977 0.26977
0.77999 0.77999 0.83003 0 0.26977 0.26977
0.7816 0.7816 0.83015 0 0.27029 0.27029
0.7816 0.7816 0.83015 0 0.27029 0.27029
0.78367 0.78367 0.83088 0 0.27115 0.27115
0.78367 0.78367 0.83088 0 0.27203 0.27203
0.78389 0.78389 0.83162 0 0.27203 0.27203
0.78389 0.78389 0.83162 0 0.27222 0.27222
0.78515 0.78515 0.83284 0 0.27222 0.27222
0.78515 0.78515 0.83284 0 0.27291 0.27291
0.78662 0.78662 0.83346 0 0.27291 0.27291
0.78699 0.78699 0.83346 0 0.27299 0.27299
0.78699 0.78699 0.83472 0 0.27299 0.27299
0.78712 0.78712 0.83472 0 0.27362 0.27362
0.78712 0.78712 0.83633 0 0.27362 0.27362
0.7872 0.7872 0.83633 0 0.27373 0.27373
0.7872 0.7872 0.83648 0 0.27373 0.27373
0.78891 0.78891 0.83648 0 0.27449 0.27449
0.78891 0.78891 0.83679 0 0.27449 0.27449
0.78906 0.78906 0.83679 0 0.27466 0.27466
0.78933 0.78933 0.83751 0 0.27466 0.27466
0.78933 0.78933 0.83751 0 0.27497 0.27497
0.7906 0.7906 0.83905 0 0.27497 0.27497
0.7906 0.7906 0.83912 0 0.27548 0.27548
0.79087 0.79087 0.83912 0 0.27548 0.27548
0.79087 0.79087 0.83991 0 0.27599 0.27599
0.79115 0.79115 0.83991 0 0.27599 0.27599
0.79115 0.79115 0.84079 0 0.27657 0.27657
0.793 0.793 0.84079 0 0.27657 0.27657
0.793 0.793 0.84081 0 0.2766 0.2766
0.79516 0.79516 0.84081 0 0.2766 0.2766
0.79603 0.79603 0.84201 0 0.27676 0.27676
0.79603 0.79603 0.84201 0 0.27676 0.27676
0.79773 0.79773 0.84324 0 0.27687 0.27687
0.79773 0.79773 0.84324 0 0.27687 0.27687
0.7979 0.7979 0.84386 0 0.27691 0.27691
0.7979 0.7979 0.84404 0 0.27691 0.27691
0.7985 0.7985 0.84404 0 0.27781 0.27781
0.7985 0.7985 0.84433 0 0.27781 0.27781
0.79985 0.79985 0.84433 0 0.27786 0.27786
0.79985 0.79985 0.84533 0 0.27786 0.27786
0.79988 0.79988 0.84533 0 0.28015 0.28015
0.79988 0.79988 0.84567 0 0.28015 0.28015
0.8003 0.8003 0.84597 0 0.28042 0.28042
0.8003 0.8003 0.84597 0 0.28042 0.28042
0.80155 0.80155 0.84639 0 0.28227 0.28227
0.80155 0.80155 0.84639 0 0.28227 0.28227
0.80215 0.80215 0.84737 0 0.28238 0.28238
0.80215 0.80215 0.84737 0 0.28268 0.28268
0.8033 0.8033 0.84793 0 0.28272 0.28272
0.8033 0.8033 0.84793 0 0.28272 0.28272
0.8041 0.8041 0.8497 0 0.28297 0.28297
0.8041 0.8041 0.8497 0 0.28297 0.28297
0.80602 0.80602 0.84994 0 0.28338 0.28338
0.80602 0.80602 0.85019 0 0.28338 0.28338
0.80621 0.80621 0.85019 0 0.28422 0.28422
0.80767 0.80767 0.85141 0 0.28422 0.28422
0.80767 0.80767 0.85141 0 0.28432 0.28432
0.80806 0.80806 0.8535 0 0.28569 0.28569
0.80806 0.80806 0.8535 0 0.28569 0.28569
0.80867 0.80867 0.85358 0 0.28621 0.28621
0.80867 0.80867 0.85358 0 0.28621 0.28621
0.80901 0.80901 0.85392 0 0.28645 0.28645
0.80901 0.80901 0.85392 0 0.28645 0.28645
0.80902 0.80902 0.8542 0 0.28652 0.28652
0.80902 0.80902 0.8542 0 0.28652 0.28652
0.81092 0.81092 0.85477 0 0.28783 0.28783
0.81092 0.81092 0.85477 0 0.28783 0.28783
0.81438 0.81438 0.85491 0 0.28822 0.28822
0.81438 0.81438 0.85491 0 0.28822 0.28822
0.81446 0.81446 0.85636 0 0.28929 0.28929
0.81446 0.81446 0.85636 0 0.29082 0.29082
0.81483 0.81483 0.85719 0 0.29082 0.29082
0.81483 0.81483 0.85719 0 0.291 0.291
0.81627 0.81627 0.85728 0 0.291 0.291
0.81772 0.81772 0.85728 0 0.29166 0.29166
0.81772 0.81772 0.86095 0 0.29166 0.29166
0.81864 0.81864 0.86095 0 0.29296 0.29296
0.81864 0.81864 0.86117 0 0.29296 0.29296
0.81882 0.81882 0.86117 0 0.2931 0.2931
0.81882 0.81882 0.862 0 0.2931 0.2931
0.81986 0.81986 0.862 0 0.29567 0.29567
0.81986 0.81986 0.86302 0 0.29567 0.29567
0.82099 0.82099 0.86302 0 0.29582 0.29582
0.82099 0.82099 0.86388 0 0.29582 0.29582
0.82207 0.82207 0.86388 0 0.2964 0.2964
0.82207 0.82207 0.86394 0 0.2964 0.2964
0.8239 0.8239 0.86394 0 0.298 0.298
0.8239 0.8239 0.86405 0 0.298 0.298
0.82393 0.82393 0.86405 0 0.29893 0.29893
0.82393 0.82393 0.86418 0 0.29893 0.29893
0.82593 0.82593 0.86418 0 0.29935 0.29935
0.82593 0.82593 0.86597 0 0.29935 0.29935
0.82619 0.82619 0.86597 0 0.29999 0.29999
0.82619 0.82619 0.8664 0 0.29999 0.29999
0.82686 0.82686 0.8664 0 0.30029 0.30029
0.82686 0.82686 0.86755 0 0.30029 0.30029
0.82693 0.82693 0.86797 0 0.3003 0.3003
0.82703 0.82703 0.86797 0 0.3003 0.3003
0.82703 0.82703 0.86945 0 0.30049 0.30049
0.82726 0.82726 0.86945 0 0.30049 0.30049
0.82726 0.82726 0.86962 0 0.3005 0.3005
0.82737 0.82737 0.86972 0 0.3005 0.3005
0.82737 0.82737 0.86972 0 0.30111 0.30111
0.82957 0.82957 0.87028 0 0.30111 0.30111
0.82957 0.82957 0.87028 0 0.30115 0.30115
0.83003 0.83003 0.8712 0 0.30115 0.30115
0.83003 0.83003 0.8712 0 0.30141 0.30141
0.83284 0.83284 0.87167 0 0.30141 0.30141
0.83284 0.83284 0.87186 0 0.30169 0.30169
0.83472 0.83472 0.87186 0 0.30169 0.30169
0.83472 0.83472 0.87194 0 0.30197 0.30197
0.83633 0.83633 0.87293 0 0.30197 0.30197
0.83633 0.83633 0.87293 0 0.30218 0.30218
0.83648 0.83648 0.8767 0 0.30218 0.30218
0.83648 0.83648 0.8767 0 0.30303 0.30303
0.83679 0.83679 0.87791 0 0.30303 0.30303
0.83679 0.83679 0.87791 0 0.30434 0.30434
0.83905 0.83905 0.87829 0 0.30434 0.30434
0.83991 0.83991 0.87829 0 0.30554 0.30554
0.83991 0.83991 0.87932 0 0.30554 0.30554
0.84079 0.84079 0.87932 0 0.30632 0.30632
0.84079 0.84079 0.87937 0 0.30636 0.30636
0.84081 0.84081 0.87937 0 0.30636 0.30636
0.84081 0.84081 0.88039 0 0.30797 0.30797
0.84201 0.84201 0.88039 0 0.30797 0.30797
0.84201 0.84201 0.881 0 0.30798 0.30798
0.84386 0.84386 0.881 0 0.30798 0.30798
0.84433 0.84433 0.88127 0 0.30815 0.30815
0.84433 0.84433 0.88127 0 0.30815 0.30815
0.84533 0.84533 0.88238 0 0.30838 0.30838
0.84533 0.84533 0.88238 0 0.30838 0.30838
0.84597 0.84597 0.88409 0 0.30968 0.30968
0.84597 0.84597 0.88409 0 0.30968 0.30968
0.84639 0.84639 0.88505 0 0.3103 0.3103
0.84639 0.84639 0.88505 0 0.3103 0.3103
0.8497 0.8497 0.88594 0 0.31063 0.31063
0.8497 0.8497 0.88594 0 0.31088 0.31088
0.84994 0.84994 0.88686 0 0.31088 0.31088
0.85019 0.85019 0.88686 0 0.31133 0.31133
0.85019 0.85019 0.88697 0 0.31133 0.31133
0.8535 0.8535 0.88697 0 0.31329 0.31329
0.8535 0.8535 0.88766 0 0.31329 0.31329
0.85358 0.85358 0.88766 0 0.31592 0.31592
0.85358 0.85358 0.88838 0 0.31592 0.31592
0.8542 0.8542 0.88838 0 0.31596 0.31596
0.8542 0.8542 0.89067 0 0.31596 0.31596
0.85491 0.85491 0.8909 0 0.31837 0.31837
0.85491 0.85491 0.8909 0 0.31837 0.31837
0.85636 0.85636 0.89151 0 0.31874 0.31874
0.85636 0.85636 0.89151 0 0.31874 0.31874
0.85728 0.85728 0.89203 0 0.31935 0.31935
0.85728 0.85728 0.89203 0 0.31935 0.31935
0.86095 0.86095 0.89329 0 0.32157 0.32157
0.86095 0.86095 0.89329 0 0.32157 0.32157
0.862 0.862 0.89375 0 0.32171 0.32171
0.862 0.862 0.89465 0 0.32171 0.32171
0.86388 0.86388 0.89465 0 0.32362 0.32362
0.86388 0.86388 0.89725 0 0.32362 0.32362
0.86394 0.86394 0.89725 0 0.32364 0.32364
0.86394 0.86394 0.89911 0 0.32364 0.32364
0.86405 0.86405 0.89911 0 0.32466 0.32466
0.86405 0.86405 0.89938 0 0.32623 0.32623
0.86418 0.86418 0.90008 0 0.32623 0.32623
0.86418 0.86418 0.90008 0 0.32647 0.32647
0.86597 0.86597 0.90104 0 0.32749 0.32749
0.86597 0.86597 0.90104 0 0.32749 0.32749
0.86755 0.86755 0.90164 0 0.32912 0.32912
0.86945 0.86945 0.90164 0 0.32912 0.32912
0.86945 0.86945 0.90175 0 0.33005 0.33005
0.86972 0.86972 0.90175 0 0.33005 0.33005
0.86972 0.86972 0.90176 0 0.33297 0.33297
0.87167 0.87167 0.90176 0 0.33297 0.33297
0.87186 0.87186 0.90407 0 0.33337 0.33337
0.87186 0.87186 0.90407 0 0.33337 0.33337
0.87194 0.87194 0.90458 0 0.33359 0.33359
0.87293 0.87293 0.90526 0 0.33359 0.33359
0.87293 0.87293 0.90526 0 0.33407 0.33407
0.8767 0.8767 0.90531 0 0.33407 0.33407
0.8767 0.8767 0.90531 0 0.33621 0.33621
0.87932 0.87932 0.90577 0 0.33621 0.33621
0.87932 0.87932 0.90577 0 0.33621 0.33621
0.87937 0.87937 0.9072 0 0.33621 0.33621
0.87937 0.87937 0.90802 0 0.33726 0.33726
0.88039 0.88039 0.90802 0 0.33726 0.33726
0.88039 0.88039 0.90821 0 0.3379 0.3379
0.881 0.881 0.91024 0 0.3379 0.3379
0.881 0.881 0.91024 0 0.33822 0.33822
0.88238 0.88238 0.91248 0 0.33822 0.33822
0.88238 0.88238 0.91248 0 0.34294 0.34294
0.88505 0.88505 0.91379 0 0.34294 0.34294
0.88505 0.88505 0.91379 0 0.34377 0.34377
0.88594 0.88594 0.91579 0 0.34377 0.34377
0.88594 0.88594 0.91579 0 0.34387 0.34387
0.88697 0.88697 0.91701 0 0.34387 0.34387
0.88697 0.88697 0.91701 0 0.34541 0.34541
0.88766 0.88766 0.91723 0 0.34541 0.34541
0.88766 0.88766 0.91723 0 0.346 0.346
0.89067 0.89067 0.91764 0 0.346 0.346
0.8909 0.8909 0.91797 0 0.34784 0.34784
0.8909 0.8909 0.91797 0 0.35001 0.35001
0.89151 0.89151 0.91984 0 0.35001 0.35001
0.89151 0.89151 0.91984 0 0.35364 0.35364
0.89329 0.89329 0.92243 0 0.35364 0.35364
0.89329 0.89329 0.92243 0 0.35857 0.35857
0.89725 0.89725 0.92314 0 0.35857 0.35857
0.89725 0.89725 0.92314 0 0.36368 0.36368
0.89911 0.89911 0.92381 0 0.36368 0.36368
0.89911 0.89911 0.92381 0 0.37989 0.37989
0.89938 0.89938 0.9241 0 0.37989 0.37989
0.90008 0.90008 0.9241 0 0.38366 0.38366
0.90008 0.90008 0.92496 0 0.38366 0.38366
0.90164 0.90164 0.92496 0 0.39677 0.39677
0.90164 0.90164 0.92646 0 0.39677 0.39677
0.90176 0.90176 0.92714 0 0.39823 0.39823
0.90176 0.90176 0.92714 0 0.39823 0.39823
0.90407 0.90407 0.92882 0 0.40302 0.40302
0.90407 0.90407 0.92882 0 0.40884 0.40884
0.90458 0.90458 0.93257 0 0.40884 0.40884
0.90526 0.90526 0.93257 0 0.40968 0.40968
0.90526 0.90526 0.933 0 0.40968 0.40968
0.9072 0.9072 0.933 0 0.42891 0.42891
0.90802 0.90802 0.9339 0 0.42891 0.42891
0.90802 0.90802 0.9339 0 0.43166 0.43166
0.90821 0.90821 0.93464 0 0.43166 0.43166
0.91248 0.91248 0.93464 0 0.43836 0.43836
0.91248 0.91248 0.93624 0 0.43836 0.43836
0.91379 0.91379 0.93825 0 0.44933 0.44933
0.91379 0.91379 0.93825 0 0.44933 0.44933
0.91701 0.91701 0.93866 0 0.45593 0.45593
0.91701 0.91701 0.93866 0 0.45593 0.45593
0.91797 0.91797 0.9389 0 0.46212 0.46212
0.91797 0.91797 0.9389 0 0.46212 0.46212
0.91984 0.91984 0.94068 0 0.47025 0.47025
0.91984 0.91984 0.94139 0 0.47025 0.47025
0.92314 0.92314 0.94139 0 0.47498 0.47498
0.92314 0.92314 0.94288 0 0.47917 0.47917
0.92381 0.92381 0.94288 0 0.47917 0.47917
0.92381 0.92381 0.94343 0 0.49819 0.49819
0.9241 0.9241 0.94343 0 0.49819 0.49819
0.9241 0.9241 0.94685 0 0.49884 0.49884
0.92646 0.92646 0.94685 0 0.49884 0.49884
0.92714 0.92714 0.94777 0 0.5086 0.5086
0.92714 0.92714 0.94945 0 0.5086 0.5086
0.933 0.933 0.94945 0 0.51222 0.51222
0.933 0.933 0.95044 0 0.51222 0.51222
0.9339 0.9339 0.95044 0 0.52394 0.52394
0.9339 0.9339 0.9511 0 0.52394 0.52394
0.93464 0.93464 0.9511 0 0.53936 0.53936
0.93464 0.93464 0.95208 0 0.53936 0.53936
0.93624 0.93624 0.95305 0 0.54449 0.54449
0.9389 0.9389 0.95305 0 0.54497 0.54497
0.9389 0.9389 0.95764 0 0.54497 0.54497
0.94139 0.94139 0.95764 0 0.56088 0.56088
0.94139 0.94139 0.95983 0 0.56088 0.56088
0.94288 0.94288 0.95983 0 0.56701 0.56701
0.94288 0.94288 0.96187 0 0.56701 0.56701
0.94343 0.94343 0.96187 0 0.57805 0.57805
0.94343 0.94343 0.96203 0 0.57805 0.57805
0.94777 0.94777 0.96327 0 0.59084 0.59084
0.94945 0.94945 0.96327 0 0.59084 0.59084
0.94945 0.94945 0.9651 0 0.60904 0.60904
0.95044 0.95044 0.9651 0 0.60904 0.60904
0.95044 0.95044 0.9655 0 0.6095 0.6095
0.95208 0.95208 0.9658 0 0.6095 0.6095
0.95764 0.95764 0.96652 0 0.61511 0.61511
0.95764 0.95764 0.96652 0 0.63667 0.63667
0.96187 0.96187 0.97118 0 0.63667 0.63667
0.96187 0.96187 0.97118 0 0.65036 0.65036
0.96327 0.96327 0.97206 0 0.65036 0.65036
0.96327 0.96327 0.97206 0 0.6593 0.6593
0.9651 0.9651 0.9749 0 0.6593 0.6593
0.9651 0.9651 0.9776 0 0.68304 0.68304
0.9655 0.9655 0.9776 0 0.68304 0.68304
0.9658 0.9658 0.97824 0 0.69093 0.69093
0.97206 0.97206 0.97824 0 0.7114 0.7114
0.97206 0.97206 0.98055 0 0.7114 0.7114
0.9749 0.9749 0.98324 0 0.73024 0.73024
0.9776 0.9776 0.98398 0 0.73024 0.73024
0.9776 0.9776 0.98398 0 0.7668 0.7668
0.98324 0.98324 0.98773 0 0.7668 0.7668
0.98398 0.98398 0.98773 0 0.77813 0.77813
0.98398 0.98398 0.98972 0 0.82619 0.82619
0.98972 0.98972 0.99284 0 0.82619 0.82619
0.99284 0.99284 0.9946 0 0.89067 0.89067
