0
0
0
0
0
0
0
0
0
0
0
0
0
0
0
0
0
0
0
0
0
0
0
0
0
0
0
0
0
0
0
0
0
0
0
0
0
0
0
0
0
0
0
0
0
0
0
0
0
0
0
0
0
0
0
0
0
0
0
0
0
0
0
0
0
0
0
0
0
0
0
0
0
0
0
0
0
0
0
0
0
0
0
0
0
0
0
0
0
0
0
0
0
0
0
0
0
0
0
0
0
0
0
0
0
0
0
0
0
0
0
0
0
0
0
0
0
0
0
0
0
0
0
0
0
0
0
0
0
0
0
0
0
0
0
0
0
0
0
0
0
0
0
0
0
0
0
1.4906e-10
1.4906e-10
1.8568e-09
1.8568e-09
2.022e-09
2.022e-09
2.55e-09
2.55e-09
4.9582e-09
4.9582e-09
6.5707e-09
6.5707e-09
6.7593e-09
6.7593e-09
8.7131e-09
8.7131e-09
1.007e-08
1.007e-08
1.3721e-08
1.3721e-08
1.4189e-08
1.4189e-08
1.913e-08
1.913e-08
2.0783e-08
2.0783e-08
3.127e-08
3.127e-08
5.3659e-08
5.3659e-08
8.243e-08
8.243e-08
1.2954e-07
1.2954e-07
1.5504e-07
1.5504e-07
2.1167e-07
2.1167e-07
4.4193e-07
4.4193e-07
8.1912e-07
8.1912e-07
1.161e-06
1.161e-06
1.7946e-06
1.7946e-06
2.3674e-06
2.3674e-06
2.5103e-06
2.6668e-06
2.6668e-06
2.6974e-06
2.6974e-06
5.2028e-06
5.2028e-06
8.5127e-06
8.5127e-06
1.1643e-05
1.1643e-05
1.2013e-05
1.2013e-05
1.9642e-05
1.9642e-05
3.3603e-05
3.3603e-05
3.63e-05
4.4198e-05
4.4198e-05
4.8165e-05
4.8165e-05
9.7817e-05
9.7817e-05
0.00010272
0.00010272
0.00010768
0.00010768
0.00011249
0.00011249
0.00011576
0.00011576
0.00012143
0.00012143
0.00013203
0.00013203
0.00014579
0.00014579
0.00021875
0.00021875
0.00026922
0.00026922
0.00028984
0.00028984
0.00036161
0.00036161
0.00038348
0.00038348
0.00043103
0.00043103
0.00062184
0.00062184
0.00095135
0.00095135
0.0010574
0.0010574
0.001087
0.001087
0.0011585
0.0011585
0.0017131
0.0017131
0.0023773
0.0023773
0.0025839
0.0025839
0.0028163
0.0028163
0.0029918
0.0029918
0.0035868
0.0035868
0.0045626
0.0045626
0.0047615
0.0047615
0.0053185
0.0053185
0.0056234
0.0056234
0.0060252
0.0060252
0.0069615
0.0069615
0.0070814
0.0075571
0.0075571
0.0082264
0.0082264
0.0088869
0.0088869
0.0092628
0.0092628
0.0095804
0.0095804
0.0097115
0.0097115
0.010086
0.010086
0.010761
0.010761
0.010807
0.010807
0.012213
0.012213
0.012222
0.012222
0.012732
0.012732
0.013154
0.013154
0.014109
0.014109
0.015398
0.015398
0.015612
0.015612
0.016571
0.016571
0.016852
0.016852
0.018681
0.018681
0.020578
0.020578
0.021516
0.021516
0.021526
0.021526
0.021858
0.022374
0.022374
0.023492
0.023492
0.024349
0.024349
0.02618
0.02618
0.027238
0.027238
0.029739
0.029739
0.032677
0.032677
0.034657
0.034657
0.035426
0.035426
0.036432
0.036432
0.037332
0.037332
0.040152
0.040152
0.043099
0.043099
0.044623
0.044623
0.045229
0.045229
0.050751
0.050751
0.052029
0.052029
0.054041
0.054041
0.058533
0.058533
0.060701
0.060701
0.061391
0.062523
0.062523
0.062786
0.062786
0.065978
0.065978
0.06602
0.06602
0.068085
0.068085
0.070015
0.070015
0.074909
0.074909
0.075056
0.075056
0.077919
0.077919
0.079368
0.079368
0.086116
0.086116
0.086951
0.086951
0.093482
0.093482
0.093608
0.093608
0.099382
0.099382
0.099865
0.099865
0.10417
0.10417
0.11262
0.1136
0.1136
0.11577
0.11577
0.1174
0.1174
0.11756
0.11756
0.11994
0.11994
0.12044
0.12044
0.12528
0.12528
0.12554
0.12554
0.133
0.133
0.13403
0.13403
0.13665
0.13665
0.13755
0.13755
0.13872
0.13872
0.13892
0.13892
0.13966
0.14475
0.14475
0.14518
0.14518
0.14559
0.14559
0.15053
0.15053
0.15394
0.15394
0.15667
0.15667
0.15678
0.15678
0.15723
0.15723
0.1607
0.1607
0.16135
0.16586
0.16586
0.16733
0.16733
0.16887
0.16887
0.17115
0.17115
0.17133
0.17133
0.17446
0.17446
0.17477
0.17477
0.18059
0.18059
0.1815
0.1815
0.18211
0.18211
0.18251
0.18251
0.18291
0.18291
0.18793
0.18793
0.18915
0.18915
0.18939
0.18939
0.18969
0.18969
0.19117
0.19117
0.19272
0.19272
0.19384
0.19384
0.19536
0.19536
0.19719
0.19719
0.19989
0.19989
0.20012
0.20012
0.20217
0.20217
0.20272
0.20272
0.20293
0.20293
0.20305
0.20305
0.20534
0.20534
0.20704
0.20704
0.20717
0.20717
0.20908
0.20908
0.20908
0.20908
0.20984
0.21164
0.21164
0.21182
0.21182
0.21206
0.21206
0.21474
0.21492
0.21492
0.21585
0.21585
0.21649
0.21649
0.21873
0.21909
0.21909
0.22139
0.22139
0.22171
0.22171
0.22465
0.22465
0.22755
0.22755
0.22909
0.22909
0.23609
0.23609
0.2398
0.2398
0.24019
0.24019
0.24382
0.24382
0.24901
0.24901
0.25071
0.25071
0.2523
0.2523
0.25399
0.25399
0.25412
0.25412
0.26299
0.26299
0.2641
0.2641
0.26806
0.26806
0.26864
0.26864
0.269
0.269
0.27004
0.27004
0.27028
0.27144
0.27144
0.27287
0.27287
0.27348
0.27348
0.27533
0.27533
0.2779
0.2779
0.28228
0.28228
0.28459
0.28459
0.28467
0.28467
0.28558
0.28558
0.28716
0.28716
0.2894
0.2894
0.29054
0.29054
0.29476
0.29557
0.29616
0.29616
0.2983
0.2983
0.29872
0.29872
0.30097
0.30097
0.30161
0.30161
0.30839
0.30839
0.31045
0.31045
0.31275
0.31275
0.31378
0.31378
0.31848
0.31848
0.32209
0.32209
0.32241
0.32241
0.32284
0.32284
0.32365
0.32365
0.32481
0.32672
0.32672
0.33029
0.33029
0.33142
0.33142
0.33199
0.33199
0.33239
0.33239
0.33483
0.33483
0.3396
0.3396
0.3399
0.3399
0.34262
0.34262
0.34331
0.34331
0.3459
0.3459
0.34832
0.34832
0.35102
0.35102
0.35223
0.35223
0.35564
0.35564
0.35867
0.35867
0.35976
0.35976
0.36375
0.36375
0.36411
0.36411
0.36503
0.36503
0.36538
0.36538
0.36566
0.36566
0.36635
0.36635
0.36961
0.37
0.37
0.37149
0.37149
0.37159
0.37159
0.37194
0.37194
0.372
0.37206
0.37206
0.37275
0.37275
0.37315
0.37315
0.37355
0.37355
0.37422
0.37422
0.37423
0.37423
0.37439
0.37439
0.3752
0.3752
0.37541
0.37541
0.37649
0.37649
0.37754
0.37754
0.37798
0.37909
0.37909
0.3806
0.3806
0.38232
0.3842
0.3842
0.3844
0.3844
0.38464
0.38464
0.38959
0.38959
0.39078
0.39078
0.39263
0.39263
0.39282
0.39282
0.39419
0.39419
0.39453
0.39453
0.39584
0.39584
0.39861
0.39861
0.39892
0.39892
0.39986
0.39986
0.40029
0.40029
0.40196
0.40196
0.4026
0.4026
0.40334
0.40334
0.40372
0.40372
0.40534
0.40534
0.40621
0.40621
0.40732
0.40732
0.40776
0.40776
0.408
0.408
0.41062
0.41062
0.41172
0.41172
0.41415
0.41415
0.41492
0.41492
0.4154
0.4154
0.41658
0.41658
0.41726
0.41726
0.41878
0.41878
0.42023
0.42023
0.42034
0.42034
0.42078
0.42078
0.42139
0.42139
0.42146
0.42146
0.42484
0.42484
0.42744
0.42744
0.42877
0.42903
0.42903
0.43002
0.43002
0.43148
0.43148
0.43216
0.43216
0.43237
0.43237
0.43264
0.43264
0.43377
0.43377
0.43556
0.43556
0.4377
0.4377
0.43805
0.43891
0.43891
0.43898
0.43898
0.44032
0.44032
0.44287
0.44287
0.44365
0.44365
0.44385
0.44385
0.44456
0.44588
0.44588
0.44646
0.44646
0.4487
0.4487
0.45065
0.45065
0.45331
0.45331
0.45386
0.45386
0.45591
0.46077
0.46077
0.46121
0.46121
0.46273
0.46273
0.46329
0.46329
0.46356
0.46356
0.46531
0.46531
0.46637
0.46637
0.46643
0.46643
0.46761
0.46761
0.46882
0.46882
0.46978
0.46978
0.47008
0.47008
0.47226
0.47226
0.47226
0.47226
0.47244
0.47244
0.47254
0.47254
0.47276
0.47276
0.47319
0.47319
0.47434
0.47434
0.47519
0.47519
0.47577
0.47577
0.47598
0.47598
0.47613
0.47613
0.47763
0.47875
0.47875
0.47946
0.47946
0.47953
0.47953
0.47967
0.47967
0.48241
0.48241
0.4843
0.4843
0.48524
0.48524
0.48566
0.48566
0.48678
0.48678
0.48738
0.48738
0.49051
0.49051
0.49059
0.49059
0.49115
0.49115
0.49211
0.49211
0.49396
0.49396
0.49806
0.49811
0.49811
0.49879
0.49879
0.49972
0.49972
0.49993
0.49993
0.50012
0.50012
0.50071
0.50071
0.50142
0.50142
0.50198
0.50198
0.50257
0.50257
0.50315
0.5034
0.5034
0.50346
0.50346
0.50408
0.50408
0.50431
0.50431
0.50475
0.50475
0.50583
0.50583
0.5069
0.5069
0.50753
0.50825
0.50825
0.51209
0.51209
0.51288
0.51288
0.51369
0.51369
0.51512
0.51512
0.51552
0.51552
0.51764
0.51764
0.51788
0.51788
0.51909
0.51909
0.52298
0.52298
0.5244
0.5244
0.52492
0.52502
0.52502
0.52509
0.52509
0.5277
0.5277
0.52794
0.52794
0.52797
0.52797
0.52911
0.52929
0.52929
0.52966
0.52966
0.53051
0.53112
0.53112
0.5316
0.5316
0.53259
0.53259
0.53358
0.53358
0.53417
0.53417
0.53518
0.53518
0.53676
0.53676
0.53676
0.53676
0.53738
0.53738
0.53829
0.53829
0.53929
0.53929
0.54035
0.54035
0.54069
0.54069
0.54301
0.54301
0.54326
0.54326
0.54376
0.54376
0.54402
0.54402
0.54421
0.54421
0.54453
0.54453
0.54474
0.54474
0.54477
0.54477
0.54542
0.54542
0.54561
0.54561
0.54584
0.54584
0.54617
0.54617
0.54622
0.54622
0.54671
0.54671
0.54709
0.54709
0.54779
0.54779
0.54825
0.54825
0.54837
0.54837
0.5484
0.5484
0.54885
0.54885
0.54939
0.54939
0.54969
0.54969
0.55008
0.55008
0.55088
0.55088
0.55191
0.55191
0.55247
0.55247
0.55298
0.55298
0.55316
0.55316
0.55542
0.55542
0.5576
0.5576
0.55793
0.5586
0.5586
0.55984
0.55984
0.5621
0.5621
0.56277
0.56277
0.56281
0.56281
0.56326
0.5662
0.5662
0.56672
0.56672
0.56687
0.56687
0.56762
0.56799
0.56799
0.56839
0.56839
0.56843
0.56843
0.56873
0.56873
0.56901
0.56901
0.56978
0.56978
0.57039
0.57397
0.57397
0.57427
0.57427
0.57677
0.57677
0.57723
0.57723
0.57876
0.57876
0.5802
0.5802
0.58203
0.58203
0.58255
0.58255
0.5829
0.5829
0.58326
0.58326
0.58391
0.58391
0.58546
0.58546
0.58582
0.58582
0.58602
0.58602
0.58657
0.58657
0.58666
0.58852
0.58852
0.58873
0.58873
0.58873
0.58873
0.58978
0.58978
0.59125
0.59125
0.59154
0.59154
0.59267
0.59267
0.59399
0.59399
0.59517
0.59548
0.59548
0.59613
0.59613
0.59663
0.59663
0.59814
0.59814
0.59832
0.59832
0.59917
0.59917
0.59959
0.59959
0.60009
0.60009
0.60065
0.60065
0.60116
0.60116
0.6013
0.6013
0.60201
0.60201
0.6023
0.6023
0.60503
0.60503
0.60715
0.60715
0.60817
0.60817
0.60856
0.60856
0.60996
0.60996
0.61051
0.61051
0.61053
0.61053
0.6112
0.6112
0.61147
0.61147
0.61309
0.61309
0.61316
0.61458
0.61487
0.61487
0.61489
0.61489
0.61521
0.61521
0.61536
0.61536
0.61572
0.61572
0.61577
0.61618
0.61618
0.61625
0.61625
0.61641
0.61641
0.61644
0.61644
0.61645
0.61645
0.61677
0.61677
0.61686
0.61686
0.61743
0.61743
0.61751
0.61751
0.61785
0.61785
0.61799
0.61799
0.61805
0.61805
0.61863
0.61863
0.61868
0.61868
0.61968
0.61968
0.61982
0.61982
0.61985
0.61985
0.62042
0.62042
0.62139
0.62159
0.62159
0.62182
0.62182
0.62201
0.62242
0.62242
0.62269
0.62269
0.6228
0.6228
0.62294
0.62294
0.62386
0.62386
0.62461
0.62461
0.62583
0.62583
0.62598
0.62598
0.62626
0.62626
0.62647
0.62647
0.62694
0.62694
0.62764
0.62764
0.62835
0.62835
0.62846
0.62846
0.62884
0.62884
0.62924
0.62924
0.62934
0.62934
0.62935
0.62935
0.62969
0.62969
0.62996
0.62996
0.63055
0.63055
0.63142
0.63142
0.63233
0.63233
0.63275
0.63275
0.63395
0.63395
0.63424
0.63549
0.63549
0.63556
0.63556
0.63806
0.63806
0.63849
0.63849
0.63853
0.63853
0.63983
0.63983
0.64034
0.64052
0.64052
0.64124
0.64124
0.6414
0.6414
0.64244
0.64244
0.64404
0.64404
0.64517
0.64625
0.64625
0.64627
0.64627
0.64638
0.64638
0.64699
0.64699
0.64878
0.64878
0.64904
0.64904
0.6505
0.6505
0.65055
0.65055
0.65057
0.65057
0.65117
0.65117
0.65136
0.65136
0.65172
0.65172
0.65245
0.65245
0.65318
0.65318
0.65321
0.65404
0.65404
0.6547
0.6547
0.65502
0.65502
0.65503
0.65503
0.65578
0.65578
0.6566
0.6566
0.65663
0.65663
0.65724
0.65724
0.65818
0.65909
0.65909
0.65945
0.65945
0.6598
0.6598
0.66046
0.66046
0.66079
0.66079
0.66258
0.66258
0.6626
0.6626
0.66276
0.66276
0.66354
0.66547
0.66547
0.66549
0.66549
0.66574
0.66574
0.66687
0.66687
0.66717
0.66717
0.66776
0.66776
0.66789
0.66789
0.66841
0.66841
0.66871
0.66871
0.66945
0.66945
0.66961
0.66961
0.67063
0.67063
0.67123
0.67123
0.67158
0.67172
0.67172
0.67189
0.67189
0.67246
0.67246
0.67354
0.67354
0.67386
0.67386
0.67463
0.67486
0.67486
0.67499
0.67499
0.67597
0.67597
0.67622
0.67622
0.67622
0.67622
0.67624
0.67624
0.67639
0.67639
0.67656
0.67656
0.67656
0.67695
0.67695
0.67753
0.67753
0.6778
0.6778
0.67823
0.67823
0.67875
0.67875
0.67882
0.67882
0.67922
0.67922
0.67952
0.67952
0.67985
0.67985
0.67992
0.67992
0.68053
0.68053
0.68096
0.68096
0.68103
0.68103
0.68156
0.68156
0.6816
0.6816
0.68168
0.68168
0.68185
0.68185
0.68207
0.68207
0.68229
0.68229
0.68259
0.68259
0.683
0.683
0.68338
0.68338
0.68486
0.68486
0.6849
0.6849
0.68639
0.68639
0.68649
0.68649
0.68683
0.68683
0.68851
0.68851
0.68866
0.68866
0.68911
0.68911
0.69006
0.69006
0.69027
0.69027
0.69046
0.69046
0.69081
0.69104
0.69104
0.6915
0.69177
0.69177
0.692
0.692
0.69315
0.69315
0.69387
0.69387
0.69402
0.69402
0.69425
0.69425
0.69447
0.69447
0.69552
0.69552
0.69595
0.69787
0.69787
0.69789
0.69789
0.69842
0.69842
0.69859
0.69859
0.69894
0.69894
0.69957
0.69957
0.70156
0.70156
0.70226
0.70226
0.70264
0.70264
0.70358
0.70358
0.70396
0.70439
0.70439
0.70472
0.70498
0.70498
0.705
0.705
0.70515
0.70515
0.70587
0.70587
0.70639
0.70639
0.7065
0.70784
0.70784
0.70836
0.70836
0.70887
0.70887
0.70908
0.70908
0.70918
0.70918
0.70969
0.70969
0.70999
0.70999
0.71003
0.71003
0.71013
0.71013
0.71022
0.71022
0.71028
0.71028
0.71096
0.71096
0.71125
0.71125
0.71134
0.71134
0.71162
0.71201
0.71201
0.7121
0.7121
0.71326
0.71326
0.71338
0.71338
0.71355
0.71355
0.71382
0.71382
0.71436
0.71436
0.71442
0.71442
0.71456
0.71456
0.71498
0.71498
0.71641
0.71648
0.71648
0.7166
0.7166
0.71672
0.71672
0.71784
0.71803
0.71803
0.71851
0.71851
0.71871
0.71871
0.71961
0.71961
0.71962
0.71962
0.72027
0.72027
0.7207
0.7207
0.72092
0.72092
0.72191
0.72191
0.72252
0.72252
0.72302
0.72302
0.72337
0.72337
0.72413
0.72413
0.72461
0.72461
0.72464
0.72464
0.72473
0.72473
0.72604
0.72604
0.72632
0.72632
0.72635
0.72635
0.72659
0.72659
0.72742
0.72742
0.72771
0.72771
0.72799
0.72799
0.728
0.728
0.72883
0.72883
0.7289
0.7294
0.7294
0.7304
0.7304
0.73101
0.73101
0.73112
0.73112
0.73153
0.73287
0.73287
0.73316
0.73316
0.73322
0.73383
0.73383
0.73438
0.73438
0.73484
0.73484
0.73514
0.73514
0.73536
0.73536
0.73543
0.73543
0.73546
0.73546
0.73719
0.73719
0.73738
0.73738
0.73768
0.73768
0.73784
0.73784
0.73784
0.73784
0.73787
0.7404
0.7404
0.74076
0.74076
0.74092
0.74092
0.74134
0.74134
0.74222
0.74222
0.74255
0.74255
0.74303
0.74303
0.74334
0.74334
0.74335
0.74335
0.74379
0.74379
0.74408
0.74408
0.74425
0.74425
0.74466
0.74466
0.74474
0.74474
0.74543
0.74543
0.74567
0.74567
0.74629
0.7465
0.7465
0.74678
0.74678
0.74682
0.74682
0.74688
0.74688
0.7474
0.7474
0.74817
0.74817
0.74825
0.74825
0.74838
0.74838
0.75068
0.75068
0.7507
0.7507
0.75174
0.75174
0.75174
0.75174
0.75252
0.75252
0.75287
0.75287
0.75332
0.75332
0.75347
0.75347
0.7545
0.7545
0.75475
0.75475
0.75477
0.75477
0.7548
0.7548
0.7563
0.7563
0.75632
0.75632
0.75653
0.75653
0.75779
0.75779
0.75814
0.75814
0.75825
0.75825
0.75927
0.75927
0.75944
0.75944
0.75996
0.76013
0.76013
0.76025
0.76067
0.76067
0.76122
0.76122
0.76198
0.76198
0.76229
0.76252
0.76252
0.76264
0.76305
0.76305
0.76363
0.76363
0.76501
0.76501
0.7653
0.7653
0.76566
0.76566
0.766
0.76638
0.76638
0.76663
0.76663
0.76732
0.76732
0.76786
0.76786
0.76912
0.76912
0.76922
0.76922
0.76936
0.76936
0.77002
0.77002
0.77013
0.77013
0.77028
0.77028
0.77128
0.77128
0.77137
0.77137
0.7726
0.7726
0.7726
0.7726
0.77303
0.77303
0.7731
0.7731
0.77325
0.77325
0.77493
0.77493
0.77533
0.77533
0.77571
0.77571
0.77572
0.77572
0.77598
0.77598
0.77697
0.77697
0.77724
0.77724
0.77726
0.77726
0.77849
0.77849
0.77906
0.77906
0.77909
0.77909
0.77914
0.77914
0.77955
0.78023
0.78023
0.78049
0.78049
0.78083
0.78083
0.78165
0.78165
0.78268
0.78268
0.7835
0.7835
0.78352
0.78356
0.78356
0.78392
0.78392
0.78395
0.78395
0.78414
0.78414
0.78463
0.78463
0.78463
0.78463
0.78495
0.78495
0.78812
0.78812
0.78938
0.78938
0.78944
0.78944
0.78963
0.78963
0.78991
0.79024
0.79024
0.79042
0.79042
0.79088
0.79088
0.79141
0.79141
0.79175
0.79175
0.79235
0.79242
0.79242
0.79307
0.79307
0.79327
0.79327
0.79364
0.79364
0.79501
0.79501
0.79519
0.79519
0.7961
0.7961
0.79621
0.79621
0.79627
0.79627
0.79642
0.79642
0.79689
0.79689
0.79747
0.79747
0.79804
0.79873
0.79873
0.8006
0.8006
0.80066
0.80066
0.80083
0.80083
0.80133
0.80133
0.80202
0.80202
0.80297
0.80297
0.80319
0.80363
0.80363
0.80363
0.80363
0.80465
0.80465
0.80499
0.80499
0.80524
0.80524
0.80533
0.80533
0.80553
0.80553
0.80579
0.80579
0.80586
0.80586
0.80685
0.80685
0.80727
0.80727
0.80745
0.80745
0.8076
0.80917
0.80917
0.80952
0.8104
0.8104
0.81078
0.81078
0.81248
0.81248
0.81282
0.81282
0.81451
0.81451
0.81483
0.81483
0.81551
0.81551
0.81592
0.81592
0.81596
0.81596
0.81607
0.81607
0.81703
0.81703
0.81704
0.81704
0.81756
0.81756
0.81767
0.81814
0.81814
0.81949
0.81949
0.8195
0.8195
0.82043
0.82043
0.821
0.821
0.82124
0.82124
0.8224
0.82315
0.82315
0.82391
0.82391
0.82409
0.82409
0.82418
0.82418
0.82428
0.82428
0.82435
0.82435
0.82445
0.82445
0.8249
0.8249
0.82559
0.82559
0.82677
0.82677
0.82747
0.82747
0.82944
0.82944
0.82978
0.82978
0.83019
0.83019
0.8307
0.8307
0.83195
0.83195
0.8324
0.83299
0.83299
0.83381
0.83381
0.83392
0.83392
0.83435
0.83435
0.83506
0.83506
0.83518
0.83518
0.8358
0.8358
0.83673
0.83673
0.83704
0.83704
0.83789
0.83789
0.83831
0.83889
0.83889
0.83922
0.83922
0.83964
0.83964
0.83981
0.83981
0.84072
0.84081
0.84081
0.84118
0.84118
0.84134
0.84134
0.84222
0.84222
0.84341
0.84341
0.84435
0.84435
0.84459
0.84459
0.84546
0.84546
0.84592
0.84592
0.84624
0.84624
0.84686
0.84686
0.84856
0.84856
0.84903
0.84903
0.84946
0.84946
0.85065
0.85065
0.85084
0.85084
0.85194
0.85194
0.85276
0.85281
0.85281
0.85363
0.85363
0.8543
0.8543
0.85461
0.85461
0.85573
0.85573
0.85602
0.85602
0.85715
0.85715
0.85774
0.85823
0.85823
0.85875
0.85875
0.85885
0.85885
0.85954
0.85954
0.85976
0.86099
0.86114
0.86114
0.86142
0.86142
0.86253
0.86253
0.86305
0.86305
0.8646
0.8646
0.86553
0.86553
0.86657
0.86657
0.86709
0.86709
0.86727
0.86727
0.86744
0.86744
0.8679
0.8679
0.86868
0.86868
0.87009
0.87009
0.87032
0.87032
0.87328
0.87328
0.87375
0.87375
0.87397
0.87397
0.87411
0.87411
0.87529
0.87529
0.87538
0.87538
0.87559
0.87559
0.87611
0.87611
0.87788
0.87788
0.87853
0.87853
0.87855
0.8802
0.8802
0.88089
0.88089
0.88154
0.88154
0.88174
0.88207
0.88207
0.88308
0.88308
0.88308
0.88308
0.88321
0.88335
0.88442
0.88442
0.88608
0.88608
0.88932
0.88932
0.88952
0.88952
0.88956
0.88956
0.88995
0.88995
0.89126
0.89126
0.89192
0.89192
0.89243
0.89243
0.89284
0.89284
0.89487
0.89487
0.89568
0.89568
0.89635
0.89635
0.89659
0.89659
0.89712
0.89752
0.89752
0.89774
0.89774
0.89878
0.89878
0.90076
0.90076
0.90101
0.90101
0.90231
0.90231
0.9029
0.9029
0.9039
0.90465
0.90465
0.90689
0.90689
0.9079
0.9079
0.90853
0.90853
0.90886
0.91048
0.91048
0.91058
0.91058
0.91074
0.91074
0.91121
0.91121
0.91243
0.91243
0.91335
0.91416
0.91416
0.9145
0.9145
0.91456
0.9148
0.9148
0.91627
0.91677
0.91677
0.91897
0.91897
0.92089
0.92089
0.9218
0.9218
0.92408
0.92408
0.925
0.925
0.92526
0.92526
0.92535
0.92535
0.92578
0.92739
0.92739
0.93007
0.93007
0.93037
0.93037
0.93119
0.93119
0.93153
0.93153
0.93245
0.93245
0.93369
0.93373
0.93373
0.936
0.936
0.93937
0.93937
0.93945
0.93945
0.94003
0.94003
0.94046
0.94046
0.94242
0.94453
0.94453
0.94494
0.94494
0.94504
0.94504
0.94679
0.94726
0.94726
0.94818
0.94818
0.94896
0.94896
0.95238
0.95238
0.95268
0.95463
0.95463
0.95538
0.95538
0.95625
0.95625
0.95703
0.95797
0.95797
0.96204
0.96204
0.96413
0.96413
0.96575
0.96575
0.96613
0.96715
0.96715
0.96849
0.96849
0.96879
0.96905
0.97014
0.97014
0.97435
0.97435
0.97507
0.97507
0.97763
0.97997
0.97997
0.98067
0.98067
0.98275
0.98494
0.98577
0.98577
0.98914
0.98914
0.99084
0.99366
0.99524
