0
0
0
0
0
0
0
0
0
0
0
0
0
0
0
0
0
0
0
0
0
0
0
0
0
0
0
0
0
0
0
0
0
0
0
0
0
0
0
0
0
0
0
0
0
0
0
0
0
0
0
0
0
0
0
0
0
0
0
0
0
0
0
0
0
0
0
0
0
0
0
0
0
0
0
0
0
0
0
0
0
0
0
0
0
0
0
0
0
0
0
0
0
0
0
0
0
0
0
0
0
0
0
0
0
0
0
0
0
0
0
0
0
0
0
0
0
0
0
0
0
0
0
0
0
0
0
0
0
0
0
0
0
0
0
0
0
0
0
0
0
0
0
0
0
0
0
1.4906e-10
1.4906e-10
1.8568e-09
1.8568e-09
2.022e-09
2.022e-09
2.55e-09
2.55e-09
4.9582e-09
4.9582e-09
6.5707e-09
6.5707e-09
6.7593e-09
6.7593e-09
8.7131e-09
8.7131e-09
1.007e-08
1.007e-08
1.3721e-08
1.3721e-08
1.4189e-08
1.4189e-08
1.913e-08
1.913e-08
2.0783e-08
2.0783e-08
3.127e-08
3.127e-08
5.3659e-08
5.3659e-08
8.243e-08
8.243e-08
1.2954e-07
1.2954e-07
1.5504e-07
1.5504e-07
2.1167e-07
2.1167e-07
4.4193e-07
4.4193e-07
8.1912e-07
8.1912e-07
1.161e-06
1.161e-06
1.7946e-06
1.7946e-06
2.3674e-06
2.3674e-06
2.5103e-06
2.6668e-06
2.6668e-06
2.6974e-06
2.6974e-06
5.2028e-06
5.2028e-06
8.5127e-06
8.5127e-06
1.1643e-05
1.1643e-05
1.2013e-05
1.2013e-05
1.9642e-05
1.9642e-05
3.3603e-05
3.3603e-05
3.63e-05
4.4198e-05
4.4198e-05
4.8165e-05
4.8165e-05
9.7817e-05
9.7817e-05
0.00010272
0.00010272
0.00010768
0.00010768
0.00011249
0.00011249
0.00011576
0.00011576
0.00012143
0.00012143
0.00013203
0.00013203
0.00014579
0.00014579
0.00021875
0.00021875
0.00026922
0.00026922
0.00028984
0.00028984
0.00036161
0.00036161
0.00038348
0.00038348
0.00043103
0.00043103
0.00062184
0.00062184
0.00095135
0.00095135
0.0010574
0.0010574
0.001087
0.001087
0.0011585
0.0011585
0.001581
0.0017131
0.0017131
0.0023773
0.0023773
0.0025839
0.0025839
0.002815
0.0028163
0.0028163
0.0029918
0.0029918
0.003374
0.003374
0.0035868
0.0035868
0.0045626
0.0045626
0.0047615
0.0047615
0.005116
0.0053185
0.0053185
0.005604
0.005604
0.0056234
0.0056234
0.005795
0.005795
0.005902
0.0060252
0.0060252
0.0069615
0.0069615
0.0070814
0.007197
0.007197
0.0075571
0.0075571
0.008099
0.008099
0.0082264
0.0082264
0.00858
0.0088869
0.0088869
0.0091
0.0092628
0.0092628
0.009315
0.009315
0.009501
0.009501
0.0095804
0.0095804
0.0097115
0.0097115
0.010086
0.010086
0.010706
0.010706
0.010761
0.010761
0.010807
0.010807
0.011202
0.011202
0.011479
0.011479
0.011771
0.011771
0.01192
0.01192
0.012213
0.012213
0.012222
0.012222
0.012732
0.012732
0.013085
0.013085
0.013098
0.013154
0.013154
0.013331
0.013331
0.013419
0.013419
0.014109
0.014109
0.014374
0.014374
0.014606
0.015111
0.015111
0.015178
0.015178
0.015398
0.015398
0.015612
0.015612
0.015687
0.015687
0.015918
0.015918
0.016153
0.01637
0.016571
0.016571
0.016817
0.016817
0.016852
0.016852
0.016891
0.016891
0.016927
0.017189
0.017189
0.017567
0.017567
0.01765
0.01765
0.017964
0.017964
0.018445
0.018445
0.018651
0.018651
0.018681
0.018681
0.018823
0.018823
0.019222
0.019222
0.019297
0.019297
0.02023
0.02023
0.02034
0.020549
0.020578
0.020578
0.020615
0.020615
0.020767
0.020767
0.020783
0.020783
0.020908
0.020908
0.021416
0.021416
0.021516
0.021516
0.021526
0.021526
0.021587
0.021587
0.021649
0.021649
0.021858
0.022093
0.022093
0.022342
0.022342
0.022373
0.022373
0.022476
0.022476
0.022745
0.022745
0.023145
0.023145
0.02332
0.02332
0.023492
0.023492
0.023541
0.023541
0.023701
0.023701
0.023917
0.023917
0.023927
0.023927
0.024
0.024188
0.024188
0.02421
0.02421
0.024349
0.024349
0.024712
0.024712
0.024751
0.024751
0.025458
0.025458
0.025649
0.025677
0.025677
0.025705
0.025705
0.025728
0.025728
0.026
0.026
0.026084
0.026084
0.02615
0.026177
0.026177
0.026237
0.026237
0.02679
0.02679
0.026957
0.026957
0.027018
0.027018
0.027042
0.027042
0.027238
0.027238
0.027355
0.027524
0.027524
0.027669
0.027669
0.027843
0.027843
0.028033
0.028033
0.0281
0.0281
0.028239
0.028239
0.02846
0.02846
0.028581
0.028581
0.028736
0.028736
0.028872
0.028872
0.028877
0.028877
0.029067
0.029067
0.029242
0.029242
0.029394
0.029394
0.02961
0.02961
0.029734
0.029734
0.030049
0.030049
0.030066
0.030066
0.030117
0.030117
0.030563
0.030563
0.030598
0.030708
0.0308
0.0308
0.030867
0.030867
0.030887
0.030887
0.031007
0.031007
0.031017
0.031017
0.031044
0.031044
0.031348
0.031348
0.031624
0.031624
0.03175
0.03175
0.031939
0.031939
0.032162
0.032162
0.032286
0.032286
0.032404
0.032404
0.032452
0.032452
0.032668
0.032668
0.03277
0.03277
0.033049
0.033049
0.033164
0.033164
0.033196
0.033196
0.033339
0.033339
0.033416
0.033416
0.033582
0.033582
0.033612
0.033612
0.034154
0.034199
0.034199
0.034293
0.034293
0.034313
0.034313
0.034421
0.034421
0.03464
0.03464
0.034645
0.034645
0.0348
0.0348
0.034802
0.03495
0.03495
0.035107
0.035107
0.035201
0.035201
0.035336
0.035426
0.035426
0.03545
0.03545
0.035586
0.035586
0.035644
0.035644
0.035857
0.035857
0.035982
0.035982
0.036178
0.036178
0.036211
0.036211
0.036313
0.036313
0.036332
0.036332
0.036432
0.036432
0.036576
0.036576
0.036917
0.036917
0.037004
0.037004
0.037145
0.037145
0.037332
0.037332
0.037372
0.037372
0.03756
0.03756
0.037572
0.037572
0.037745
0.037745
0.037784
0.037877
0.037877
0.037958
0.037958
0.038124
0.038124
0.038127
0.038215
0.038215
0.038291
0.038291
0.0385
0.0385
0.038771
0.038771
0.03889
0.03889
0.03916
0.03916
0.03931
0.03931
0.039471
0.039471
0.039742
0.039742
0.039818
0.039818
0.039826
0.039826
0.040028
0.040028
0.040055
0.040129
0.040129
0.040152
0.040152
0.040214
0.040214
0.040282
0.040282
0.040282
0.040282
0.040485
0.040485
0.04059
0.04059
0.040771
0.040771
0.040903
0.040903
0.040956
0.040956
0.040962
0.040962
0.041016
0.041016
0.041494
0.041494
0.041578
0.041578
0.041681
0.041895
0.041895
0.042113
0.042113
0.042268
0.042268
0.042356
0.042356
0.042377
0.042377
0.042491
0.042527
0.042527
0.04254
0.04254
0.042571
0.042571
0.042969
0.042969
0.043002
0.043002
0.043099
0.043099
0.043415
0.043415
0.043774
0.043774
0.043804
0.043804
0.043828
0.043828
0.043868
0.043868
0.044311
0.044311
0.044461
0.044461
0.044524
0.044524
0.044603
0.044603
0.044623
0.044623
0.044757
0.044757
0.044965
0.0451
0.0451
0.045141
0.045141
0.045184
0.045184
0.045229
0.045229
0.045264
0.045264
0.045419
0.045419
0.045529
0.045529
0.045692
0.045692
0.045851
0.045851
0.04588
0.04593
0.04593
0.046035
0.046035
0.046174
0.046174
0.046197
0.046197
0.046407
0.046407
0.047008
0.047008
0.04702
0.04702
0.047117
0.047117
0.047126
0.047126
0.047253
0.047253
0.047282
0.047282
0.04738
0.04738
0.047617
0.047617
0.047653
0.047653
0.048067
0.048067
0.048171
0.048171
0.048312
0.048312
0.048467
0.048467
0.048748
0.048748
0.048907
0.048907
0.048935
0.048935
0.04897
0.04897
0.049001
0.049001
0.049094
0.049094
0.049488
0.049488
0.049562
0.049993
0.049993
0.050029
0.050029
0.050293
0.050341
0.050435
0.050435
0.050515
0.050515
0.050527
0.050527
0.050568
0.050568
0.050751
0.050751
0.050786
0.050786
0.050795
0.050795
0.051148
0.051148
0.051252
0.051252
0.051266
0.051266
0.051284
0.051284
0.05171
0.05171
0.052029
0.052029
0.052214
0.052214
0.052253
0.052253
0.052446
0.052446
0.052557
0.052557
0.05278
0.05278
0.052802
0.052802
0.052835
0.052835
0.053089
0.053089
0.053256
0.053256
0.05335
0.05335
0.053385
0.053385
0.053435
0.053435
0.053717
0.053717
0.053772
0.053772
0.053904
0.053904
0.053971
0.053971
0.053988
0.053988
0.054041
0.054041
0.054094
0.054094
0.054634
0.054634
0.054879
0.054879
0.054954
0.054954
0.05496
0.05496
0.054965
0.055263
0.055263
0.055275
0.055336
0.055336
0.05554
0.05554
0.055721
0.055721
0.055975
0.055975
0.056247
0.056247
0.056295
0.056408
0.056457
0.056457
0.056582
0.056582
0.056701
0.056701
0.056764
0.056764
0.056799
0.056799
0.056809
0.056809
0.057129
0.057129
0.057489
0.057489
0.057555
0.057555
0.057861
0.057861
0.057983
0.057983
0.058025
0.058025
0.058309
0.058309
0.058406
0.058406
0.058533
0.058533
0.059193
0.059193
0.059653
0.059717
0.059717
0.059729
0.059729
0.059779
0.059779
0.059796
0.059796
0.059847
0.059847
0.059971
0.059971
0.059991
0.059991
0.060403
0.060403
0.060407
0.060407
0.060513
0.060513
0.060701
0.060701
0.060747
0.060747
0.060956
0.060956
0.061082
0.061082
0.061208
0.061208
0.061391
0.061426
0.061426
0.061537
0.061537
0.061919
0.061919
0.062043
0.062043
0.062327
0.062327
0.062497
0.062497
0.062523
0.062523
0.062641
0.062641
0.062784
0.062784
0.062786
0.062786
0.062897
0.062897
0.062913
0.062913
0.063235
0.063445
0.063639
0.063639
0.063834
0.063834
0.06401
0.06401
0.064378
0.064595
0.064595
0.064637
0.064637
0.06479
0.06479
0.064941
0.064941
0.065023
0.065023
0.065168
0.065168
0.065232
0.065232
0.065902
0.065902
0.065978
0.065978
0.06602
0.06602
0.066225
0.066225
0.066699
0.066699
0.066764
0.066764
0.066863
0.066863
0.06693
0.06693
0.067086
0.067086
0.067174
0.067174
0.06723
0.06723
0.067276
0.067276
0.06739
0.06739
0.067437
0.067437
0.067738
0.067738
0.067894
0.067894
0.068085
0.068085
0.068091
0.068091
0.068252
0.068252
0.068296
0.068296
0.068457
0.068457
0.069028
0.069087
0.069087
0.069327
0.069327
0.069337
0.069337
0.069413
0.069785
0.069785
0.069853
0.069853
0.070015
0.070015
0.070054
0.070054
0.070062
0.070062
0.070182
0.070182
0.07034
0.07034
0.070547
0.070547
0.071132
0.071186
0.071186
0.071236
0.071487
0.071487
0.071564
0.071564
0.071665
0.07178
0.07178
0.071861
0.071861
0.072225
0.072225
0.072511
0.072511
0.072703
0.072703
0.072748
0.072748
0.072901
0.072901
0.073108
0.073108
0.073176
0.073176
0.073894
0.073894
0.074092
0.074092
0.074601
0.074601
0.074633
0.074633
0.074745
0.074745
0.074909
0.074909
0.075056
0.075056
0.075289
0.075289
0.075296
0.075296
0.075396
0.075396
0.075468
0.075468
0.075505
0.075505
0.075799
0.075799
0.076414
0.076473
0.076473
0.076588
0.076588
0.076807
0.076807
0.076866
0.076866
0.077007
0.077007
0.077098
0.077098
0.077456
0.077456
0.077919
0.077919
0.077937
0.077937
0.078011
0.078011
0.07809
0.07809
0.078536
0.078536
0.078547
0.078547
0.078947
0.078947
0.079038
0.079038
0.079368
0.079368
0.079377
0.079377
0.079462
0.079462
0.079471
0.079471
0.080018
0.080096
0.080096
0.080183
0.080565
0.080565
0.080675
0.080675
0.080756
0.081091
0.081091
0.081236
0.081236
0.081298
0.081298
0.081571
0.081571
0.081994
0.081994
0.082289
0.082289
0.082379
0.082379
0.082654
0.082654
0.084016
0.084016
0.084766
0.084766
0.084781
0.084781
0.085133
0.085133
0.085283
0.085283
0.085304
0.085304
0.085474
0.085474
0.085532
0.085532
0.08596
0.08596
0.085978
0.085978
0.086116
0.086116
0.086406
0.086406
0.086611
0.086611
0.086951
0.086951
0.087293
0.087293
0.087473
0.087473
0.087921
0.087921
0.088086
0.088086
0.088289
0.088289
0.088852
0.088852
0.089064
0.089064
0.089514
0.089514
0.089905
0.090737
0.090737
0.090803
0.090844
0.090844
0.090973
0.090973
0.091203
0.091203
0.091268
0.091268
0.091496
0.091577
0.091601
0.091601
0.091876
0.091876
0.091949
0.091949
0.092242
0.092242
0.092299
0.092299
0.093482
0.093482
0.093608
0.093608
0.093718
0.093718
0.093787
0.093787
0.093877
0.093877
0.09416
0.09416
0.094484
0.094484
0.094582
0.094582
0.095581
0.095581
0.095611
0.095611
0.095686
0.095686
0.096138
0.096138
0.096845
0.096845
0.097128
0.097128
0.09741
0.09741
0.097561
0.097561
0.098022
0.098022
0.09805
0.09805
0.0982
0.0982
0.098551
0.098551
0.098705
0.098705
0.098747
0.098747
0.099015
0.099015
0.0992
0.0992
0.099382
0.099382
0.099473
0.099473
0.099517
0.099517
0.099865
0.099865
0.10011
0.10011
0.10026
0.10048
0.10048
0.10146
0.10146
0.1016
0.1016
0.10165
0.10165
0.10195
0.10195
0.10245
0.10284
0.10284
0.10289
0.10289
0.10317
0.10317
0.10357
0.10357
0.10359
0.10359
0.10369
0.10369
0.10403
0.10403
0.10417
0.10417
0.10419
0.10419
0.10424
0.10424
0.10425
0.1043
0.1043
0.10536
0.10536
0.10552
0.10552
0.10561
0.10561
0.10602
0.10602
0.10655
0.10655
0.10701
0.10701
0.10708
0.10708
0.10711
0.10711
0.10718
0.10718
0.10727
0.10727
0.10782
0.10782
0.10829
0.10829
0.10839
0.10839
0.10917
0.10917
0.10919
0.10919
0.10932
0.10932
0.1096
0.1096
0.10987
0.10987
0.10989
0.10989
0.10994
0.10994
0.10997
0.10997
0.11058
0.11058
0.11096
0.11096
0.11123
0.11202
0.11202
0.11238
0.11238
0.11252
0.11252
0.11262
0.11269
0.11269
0.11302
0.11302
0.1136
0.1136
0.11379
0.11379
0.11421
0.11421
0.11432
0.1149
0.1149
0.11512
0.11512
0.11532
0.11532
0.11569
0.11569
0.11577
0.11577
0.11622
0.11622
0.11652
0.11652
0.11705
0.11705
0.11733
0.11733
0.1174
0.1174
0.11756
0.11756
0.1176
0.1176
0.11807
0.11807
0.11852
0.11852
0.11937
0.11937
0.11961
0.11961
0.11984
0.11984
0.11987
0.11987
0.12015
0.12015
0.12025
0.12033
0.12033
0.12043
0.12043
0.12117
0.12117
0.12156
0.12156
0.12202
0.12202
0.12224
0.12224
0.12231
0.12231
0.12297
0.12297
0.12301
0.12301
0.12313
0.12313
0.12334
0.12465
0.12517
0.12517
0.12526
0.12526
0.1254
0.1254
0.1256
0.1256
0.1256
0.1256
0.12679
0.12679
0.12825
0.12885
0.12885
0.12894
0.12894
0.12898
0.12898
0.12927
0.12927
0.12936
0.12936
0.12963
0.12963
0.13058
0.13058
0.13085
0.13085
0.13241
0.13241
0.13246
0.13246
0.133
0.133
0.13317
0.13317
0.1334
0.1334
0.13381
0.13381
0.13495
0.13495
0.13499
0.13499
0.13518
0.13518
0.13626
0.13626
0.13665
0.13665
0.1367
0.1367
0.13671
0.13671
0.13737
0.13737
0.13744
0.13744
0.13755
0.13755
0.13814
0.13833
0.13833
0.13842
0.13842
0.13872
0.13872
0.13892
0.13892
0.13917
0.13917
0.13926
0.13942
0.13942
0.13966
0.14161
0.14161
0.14171
0.14171
0.14199
0.14199
0.14213
0.14213
0.14227
0.14227
0.14277
0.14277
0.14314
0.14314
0.14439
0.14439
0.14451
0.14451
0.14518
0.14518
0.14532
0.14532
0.14559
0.14559
0.14567
0.14715
0.14715
0.14721
0.14721
0.1474
0.1474
0.14789
0.14789
0.1479
0.1479
0.14799
0.14799
0.14807
0.14807
0.1482
0.1484
0.1484
0.14895
0.14895
0.15029
0.15029
0.15051
0.15051
0.15053
0.15053
0.15128
0.15128
0.15185
0.15185
0.15353
0.15353
0.15365
0.15365
0.15367
0.15367
0.15374
0.15374
0.15381
0.15381
0.15394
0.15394
0.1545
0.1553
0.1553
0.15549
0.15549
0.15554
0.15554
0.15605
0.15605
0.15676
0.15676
0.15678
0.15678
0.15679
0.15679
0.15714
0.15714
0.1577
0.1577
0.15789
0.15876
0.15876
0.15914
0.15914
0.15986
0.15986
0.16057
0.16057
0.1607
0.1607
0.16074
0.16074
0.16093
0.16093
0.16135
0.16318
0.16318
0.16357
0.16357
0.1646
0.1646
0.16488
0.16488
0.16586
0.16586
0.16605
0.16605
0.16627
0.16627
0.16659
0.16659
0.16732
0.16732
0.16782
0.16782
0.1686
0.16881
0.16881
0.16899
0.16899
0.16942
0.16942
0.16965
0.16965
0.17086
0.17086
0.17098
0.17098
0.17115
0.17115
0.17119
0.17119
0.17133
0.17133
0.17255
0.17255
0.17326
0.17326
0.1743
0.1743
0.17446
0.17446
0.17477
0.17477
0.17528
0.17568
0.17568
0.17591
0.17591
0.1766
0.1766
0.17668
0.17668
0.17677
0.17677
0.17822
0.17822
0.17837
0.17837
0.17858
0.17858
0.17863
0.17863
0.17887
0.17887
0.17921
0.17921
0.17957
0.17957
0.17994
0.17999
0.17999
0.18091
0.18091
0.18113
0.18113
0.18123
0.18123
0.1815
0.1815
0.1818
0.1818
0.18211
0.18211
0.18247
0.18247
0.18268
0.18268
0.18288
0.18288
0.18308
0.18308
0.18337
0.18337
0.1834
0.1834
0.18349
0.18349
0.1835
0.1835
0.18375
0.18375
0.18376
0.18376
0.18439
0.18439
0.1848
0.1848
0.18564
0.18564
0.18612
0.18612
0.18641
0.18641
0.18669
0.18669
0.18673
0.18673
0.18698
0.18698
0.18723
0.18723
0.18732
0.18732
0.18733
0.18733
0.18748
0.18748
0.18847
0.18847
0.18859
0.18859
0.18861
0.18861
0.18969
0.18969
0.18972
0.18972
0.1899
0.1899
0.18994
0.18994
0.19018
0.19018
0.1908
0.1908
0.19214
0.19214
0.19234
0.19251
0.19251
0.19264
0.19264
0.19296
0.19296
0.19311
0.19311
0.19351
0.19351
0.19496
0.19496
0.19523
0.19523
0.19599
0.19599
0.19653
0.19653
0.19706
0.19706
0.19838
0.19924
0.19924
0.19934
0.19934
0.19966
0.19966
0.19981
0.19981
0.19989
0.19989
0.20014
0.20014
0.20047
0.20047
0.20067
0.20067
0.2021
0.2021
0.20248
0.20248
0.20291
0.20291
0.20293
0.20293
0.20302
0.20302
0.20305
0.20305
0.20305
0.20305
0.2037
0.2037
0.20431
0.20507
0.20507
0.20632
0.20632
0.20695
0.20695
0.20743
0.20743
0.20746
0.20746
0.20847
0.20908
0.20908
0.20908
0.20908
0.20957
0.20957
0.20984
0.21148
0.21148
0.21163
0.21163
0.21292
0.21292
0.21356
0.21356
0.21449
0.21449
0.21457
0.21457
0.21474
0.21492
0.21492
0.21529
0.21529
0.21552
0.21552
0.21705
0.21705
0.21834
0.21834
0.21873
0.21873
0.21873
0.21933
0.21933
0.21979
0.21979
0.22096
0.22108
0.22108
0.22124
0.22124
0.22171
0.22171
0.22247
0.22247
0.22257
0.22257
0.22401
0.22401
0.22404
0.22404
0.22429
0.22429
0.22453
0.22453
0.22465
0.22465
0.22549
0.22606
0.22606
0.2264
0.2264
0.22664
0.22664
0.22669
0.22669
0.22691
0.22691
0.2273
0.2273
0.22755
0.22755
0.22777
0.22852
0.22852
0.22905
0.22905
0.22935
0.22998
0.22998
0.23008
0.23008
0.23039
0.23039
0.23129
0.23129
0.23152
0.23152
0.23252
0.23252
0.23261
0.23261
0.2335
0.2335
0.23442
0.23442
0.23515
0.23515
0.23612
0.23612
0.23688
0.23688
0.23738
0.23738
0.2378
0.2378
0.23786
0.23786
0.23918
0.23918
0.23943
0.23943
0.2398
0.2398
0.24019
0.24019
0.24117
0.24203
0.24203
0.24234
0.24234
0.24335
0.24335
0.24382
0.24382
0.24426
0.24426
0.24497
0.2456
0.2456
0.24644
0.24644
0.24674
0.24674
0.24706
0.24706
0.24711
0.24711
0.24872
0.24872
0.25
0.25
0.25071
0.25071
0.25099
0.25099
0.25136
0.25136
0.2523
0.2523
0.25233
0.25233
0.25399
0.25399
0.25412
0.25412
0.25508
0.25508
0.25654
0.25654
0.25739
0.25739
0.25769
0.25769
0.25873
0.25873
0.25889
0.2591
0.2591
0.25935
0.25935
0.25994
0.25994
0.26041
0.26041
0.26084
0.26084
0.26248
0.26248
0.26255
0.26255
0.26301
0.26301
0.2641
0.2641
0.26558
0.26558
0.26587
0.26587
0.26589
0.26589
0.26698
0.26698
0.26712
0.26712
0.2676
0.2676
0.26782
0.26782
0.26849
0.269
0.269
0.26931
0.26931
0.26977
0.26977
0.27028
0.27037
0.27037
0.27042
0.27042
0.27045
0.27045
0.27156
0.27156
0.27219
0.27219
0.27287
0.27287
0.27336
0.27336
0.27472
0.27472
0.27495
0.27495
0.27588
0.27588
0.27652
0.27652
0.27669
0.27669
0.27674
0.27674
0.27706
0.27706
0.27879
0.27879
0.27929
0.27929
0.27985
0.27985
0.27992
0.27992
0.28022
0.28022
0.28043
0.28043
0.28198
0.28198
0.28269
0.28269
0.28276
0.28276
0.28288
0.28288
0.28421
0.28421
0.28431
0.28431
0.28465
0.28465
0.28637
0.28637
0.28652
0.28652
0.2873
0.2873
0.28751
0.28751
0.28911
0.2894
0.2894
0.28949
0.28949
0.28987
0.28987
0.29054
0.29054
0.29079
0.29079
0.29312
0.29312
0.29476
0.295
0.295
0.29535
0.29535
0.29554
0.2956
0.2956
0.29593
0.29593
0.29659
0.29659
0.29717
0.29717
0.2977
0.29917
0.29917
0.29937
0.29937
0.29941
0.29941
0.29999
0.29999
0.30036
0.30036
0.30096
0.30096
0.30128
0.30128
0.3016
0.3016
0.30161
0.30161
0.30357
0.30357
0.30452
0.30452
0.30458
0.30458
0.30531
0.30531
0.30713
0.30713
0.30792
0.30792
0.30814
0.30814
0.3082
0.3082
0.30839
0.30839
0.30847
0.30847
0.30901
0.30901
0.3095
0.3095
0.30972
0.30972
0.3105
0.3105
0.3118
0.3118
0.31208
0.31208
0.31232
0.31232
0.31315
0.31315
0.31372
0.31372
0.31372
0.31372
0.31529
0.31529
0.31659
0.31772
0.3184
0.3184
0.31896
0.31896
0.32119
0.32119
0.32202
0.32202
0.32209
0.32209
0.32241
0.32241
0.32457
0.32457
0.32672
0.32672
0.32767
0.32767
0.32905
0.32905
0.3313
0.3313
0.33193
0.33199
0.33199
0.33228
0.33228
0.33239
0.33239
0.33264
0.33264
0.33444
0.33444
0.3348
0.3348
0.33627
0.33627
0.337
0.337
0.338
0.338
0.33937
0.33937
0.3402
0.3402
0.34079
0.34079
0.34209
0.34209
0.34364
0.34364
0.34387
0.34387
0.34649
0.34649
0.34706
0.34706
0.34725
0.34725
0.34832
0.34832
0.34896
0.34896
0.35015
0.35102
0.35102
0.36503
0.36503
0.36635
0.36635
0.36961
0.37649
0.37649
0.3806
0.3806
0.39078
0.39078
0.39453
0.39453
0.39861
0.39861
0.40334
0.40334
0.41726
0.41726
0.42078
0.42078
0.43216
0.43216
0.43377
0.43377
0.43805
0.44287
0.44287
0.44385
0.44385
0.46121
0.46121
0.46356
0.46356
0.46978
0.46978
0.47953
0.47953
0.48566
0.48566
0.49115
0.49115
0.49879
0.49879
0.50315
0.5069
0.5069
0.5244
0.5244
0.52509
0.52509
0.53417
0.53417
0.53738
0.53738
0.54837
0.54837
0.56281
0.56281
0.56762
0.56799
0.56799
0.5829
0.5829
0.58873
0.58873
0.59917
0.59917
0.6112
0.6112
0.62846
0.62846
0.62884
0.62884
0.63424
0.6547
0.6547
0.66776
0.66776
0.67624
0.67624
0.69894
0.69894
0.7065
0.72604
0.72604
0.74408
0.74408
0.77906
0.77906
0.78991
0.8358
0.8358
0.89712
