0
0
0
0
0
0
0
0
0
0
0
0
0
0
0
0
0
0
0
0
0
0
0
0
0
0
0
0
0
0
0
0
0
0
0
0
0
0
0
0
0
0
0
0
0
0
0
0
0
0
0
0
0
0
0
0
0
0
0
0
0
0
0
0
0
0
0
0
0
0
0
0
0
0
0
0
0
0
0
0
0
0
0
0
0
0
0
0
0
0
0
0
0
0
0
0
0
0
0
0
0
0
0
0
0
0
0
0
0
0
0
0
0
0
0
0
0
0
0
0
0
0
0
0
0
0
0
0
0
0
0
0
0
0
0
0
0
0
0
0
0
0
0
0
0
0
0
0
0
0
0
0
0
0
0
0
0
0
0
0
0
0
0
0
0
0
0
0
0
0
0
0
0
0
0
0
0
0
0
0
0
0
0
0
0
0
0
0
0
0
0
0
0
0
0
0
0
0
0
0
0
0
0
0
0
0
0
0
0
0
0
0
0
0
0
0
0
0
0
0
0
0
0
0
0
0
0
0
0
0
0
0
0
0
0
0
0
0
0
0
0
0
0
0
0
0
0
0
0
0
0
0
0
0
0
0
0
0
0
0
0
0
0
0
0
0
0
0
0
0
0
0
0
0
0
0
0
0
0
0
0
0
0
0
0
0
0
0
0
0
0
0
0
0
0
0
0
0
0
0
0
0
0
0
0
0
0
0
0
0
0
0
0
0
0
0
0
0
0
0
0
0
0
0
0
0
0
0
0
0
0
0
0
0
0
0
0
0
0
0
0
0
0
0
0
0
0
0
0
0
0
0
0
0
0
0
0
0
0
0
0
0
0
0
0
0
0
0
0
0
0
0
0
0
0
0
0
0
0
0
0
0
0
0
0
0
0
0
0
0
0
0
0
0
0
0
0
0
0
0
0
0
0
0
0
0
0
0
0
0
0
0
0
0
0
0
0
0
0
0
0
0
0
0
0
0
0
0
0
0
0
0
0
0
0
0
0
0
0
0
0
0
0
0
0
0
0
0
0
0
0
0
0
0
0
0
0
6.3795e-10
6.3795e-10
7.3004e-10
7.3004e-10
1.0623e-09
1.0623e-09
2.4501e-09
2.4501e-09
2.7977e-09
2.7977e-09
3.9754e-09
3.9754e-09
7.5801e-09
7.5801e-09
7.7764e-09
7.7764e-09
1.2446e-08
1.2446e-08
1.6061e-08
1.6061e-08
2.6978e-08
2.6978e-08
2.9695e-08
2.9695e-08
4.7652e-08
4.7652e-08
8.5072e-08
8.5072e-08
1.1499e-07
1.1499e-07
1.1509e-07
1.4292e-07
1.5535e-07
1.5535e-07
1.5637e-07
1.5637e-07
1.8201e-07
1.8201e-07
2.8532e-07
2.8532e-07
2.9777e-07
2.9777e-07
4.017e-07
4.017e-07
4.1734e-07
4.1734e-07
8.2757e-07
8.8774e-07
8.8774e-07
1.303e-06
1.303e-06
2.0104e-06
2.0104e-06
2.202e-06
2.202e-06
2.275e-06
2.275e-06
2.5951e-06
2.5951e-06
2.6312e-06
2.6312e-06
4.6588e-06
4.6588e-06
6.3882e-06
6.3882e-06
7.7241e-06
7.7241e-06
8.592e-06
8.592e-06
1.0651e-05
1.0651e-05
1.0832e-05
1.0832e-05
1.4917e-05
1.4917e-05
1.7137e-05
1.7137e-05
1.7233e-05
1.7233e-05
2.0995e-05
2.0995e-05
2.2877e-05
2.2877e-05
3.0791e-05
3.0791e-05
4.6e-05
4.6e-05
4.8621e-05
4.8621e-05
5.3662e-05
5.3662e-05
8.2457e-05
8.2457e-05
8.4595e-05
8.4595e-05
0.00011873
0.00011873
0.00012328
0.00012328
0.0001464
0.0001464
0.00014805
0.00014805
0.00017311
0.00017311
0.00020528
0.00020528
0.00021304
0.00021304
0.00021982
0.00021982
0.000235
0.00027208
0.00027208
0.0003135
0.0003135
0.00034151
0.00034151
0.00042675
0.00042675
0.000465
0.00049884
0.00049884
0.000534
0.000534
0.00075961
0.00075961
0.000848
0.000952
0.000952
0.0009641
0.0009641
0.0010111
0.0010111
0.0010236
0.0010236
0.001028
0.001028
0.0011373
0.0011373
0.001143
0.0012431
0.0012431
0.001267
0.001267
0.0013028
0.0013028
0.001482
0.001482
0.0015385
0.0015385
0.001608
0.001682
0.0017777
0.0017777
0.001785
0.001785
0.001792
0.001792
0.0018135
0.0018135
0.00211
0.00211
0.002194
0.002194
0.00236
0.00236
0.0024
0.0024
0.002422
0.002422
0.0024759
0.0024759
0.0026792
0.0026792
0.002696
0.002737
0.002737
0.002796
0.002796
0.002827
0.002827
0.003097
0.003103
0.003103
0.003277
0.003277
0.003289
0.003289
0.003486
0.003486
0.003626
0.003626
0.0036396
0.0036396
0.003688
0.00384
0.00384
0.0038671
0.0038671
0.003871
0.003888
0.003888
0.003968
0.003968
0.003989
0.003989
0.004069
0.004069
0.004089
0.00426
0.00426
0.004346
0.004346
0.004505
0.004505
0.004543
0.004543
0.004627
0.004627
0.0047043
0.0047043
0.004734
0.004734
0.004757
0.004757
0.0047665
0.0047665
0.004856
0.005029
0.005029
0.005084
0.005084
0.00512
0.00512
0.005211
0.005269
0.005269
0.005305
0.005305
0.005468
0.005468
0.005557
0.005557
0.005588
0.005588
0.005711
0.005711
0.0057129
0.0057129
0.0057734
0.0057734
0.0058526
0.005869
0.005869
0.005973
0.005973
0.006031
0.006031
0.006069
0.006069
0.00616
0.00616
0.006211
0.006211
0.0063623
0.0063623
0.006467
0.006467
0.006523
0.006523
0.006538
0.006538
0.0066482
0.0066482
0.006745
0.006762
0.006762
0.006779
0.006838
0.006838
0.006858
0.0069041
0.0069041
0.006912
0.006912
0.007026
0.007026
0.007121
0.007121
0.007123
0.007123
0.007139
0.007139
0.007539
0.007539
0.007603
0.007603
0.007629
0.007629
0.0076678
0.0076678
0.0077
0.0077
0.007819
0.007819
0.007941
0.007941
0.007975
0.007975
0.007996
0.007996
0.007996
0.007996
0.008209
0.008209
0.008262
0.008262
0.008314
0.008314
0.008333
0.008333
0.008417
0.008417
0.008551
0.00857
0.00857
0.008649
0.008649
0.008823
0.008823
0.00895
0.00895
0.009024
0.009024
0.0090401
0.0090401
0.009061
0.009061
0.009122
0.0092676
0.0092676
0.009276
0.009276
0.009292
0.009292
0.009313
0.009313
0.009477
0.009477
0.009636
0.009636
0.009696
0.009696
0.009715
0.009715
0.009808
0.009808
0.0098367
0.0098367
0.009848
0.009848
0.0099734
0.0099734
0.010102
0.010102
0.010274
0.010274
0.010287
0.010291
0.010291
0.010418
0.010418
0.010471
0.010471
0.010628
0.010628
0.0107
0.0107
0.010704
0.010704
0.010743
0.010743
0.010767
0.010767
0.010817
0.010932
0.010932
0.010973
0.010973
0.011001
0.011001
0.011288
0.011288
0.011418
0.011418
0.011486
0.011486
0.011535
0.011626
0.011626
0.011676
0.011676
0.011733
0.011913
0.011913
0.011914
0.011914
0.012025
0.012025
0.012047
0.012047
0.012237
0.012237
0.012276
0.012276
0.012467
0.012467
0.012498
0.012498
0.012531
0.012531
0.012629
0.012629
0.012768
0.012768
0.012875
0.012875
0.012955
0.012955
0.01304
0.01304
0.013064
0.013064
0.013277
0.013277
0.013446
0.013446
0.01349
0.01349
0.013573
0.013573
0.013668
0.013668
0.013815
0.013906
0.013906
0.013923
0.013923
0.01396
0.01396
0.014214
0.014307
0.014307
0.014315
0.014315
0.014349
0.014356
0.014356
0.014411
0.014411
0.014492
0.014492
0.01455
0.01455
0.014919
0.01496
0.01496
0.015135
0.015135
0.015225
0.015225
0.01529
0.01529
0.015581
0.015581
0.01559
0.01559
0.015707
0.015707
0.015733
0.015733
0.015811
0.015811
0.015859
0.015859
0.015936
0.015936
0.01608
0.01608
0.016455
0.016455
0.016549
0.016549
0.016552
0.016552
0.01656
0.01656
0.016666
0.016666
0.01681
0.01681
0.016829
0.016829
0.016844
0.016844
0.016962
0.016962
0.016998
0.016998
0.017045
0.017045
0.017145
0.017145
0.017241
0.017241
0.017255
0.017255
0.01738
0.01738
0.017458
0.017458
0.017474
0.017474
0.017631
0.017631
0.017919
0.017986
0.017986
0.01813
0.01813
0.018132
0.018132
0.018462
0.018462
0.018568
0.018568
0.018576
0.018576
0.018681
0.018681
0.018698
0.018809
0.018809
0.018902
0.018902
0.019024
0.019024
0.019051
0.019051
0.019273
0.019543
0.019568
0.019568
0.019681
0.019681
0.020075
0.020075
0.020099
0.020099
0.020109
0.020109
0.020143
0.020143
0.02026
0.02026
0.020405
0.020405
0.020431
0.020431
0.020494
0.020494
0.020704
0.020704
0.020725
0.020725
0.020871
0.020871
0.020893
0.020893
0.021214
0.021214
0.021275
0.021275
0.021343
0.021343
0.022056
0.022056
0.022061
0.022061
0.022077
0.022077
0.022103
0.022103
0.022182
0.022182
0.022197
0.022197
0.022253
0.022253
0.022533
0.022533
0.022752
0.022752
0.022903
0.022903
0.023213
0.023213
0.023274
0.023274
0.023656
0.023656
0.023709
0.023709
0.023892
0.023892
0.02396
0.02396
0.024005
0.024111
0.024226
0.024226
0.024278
0.024278
0.02437
0.02437
0.024426
0.024426
0.024523
0.024523
0.024728
0.024728
0.024913
0.024913
0.025089
0.025089
0.025499
0.025541
0.025541
0.025694
0.025694
0.025741
0.025741
0.025816
0.025816
0.025917
0.025917
0.026145
0.026145
0.026244
0.026244
0.026379
0.026379
0.026759
0.026759
0.026811
0.026811
0.027045
0.027045
0.027154
0.027154
0.027177
0.027177
0.027249
0.027249
0.027548
0.027548
0.027778
0.027778
0.027839
0.027839
0.027894
0.027894
0.02813
0.028195
0.028195
0.028264
0.028264
0.028402
0.028402
0.028519
0.028519
0.028968
0.028968
0.029263
0.029263
0.029324
0.029324
0.029371
0.029371
0.029603
0.029603
0.029725
0.029729
0.029729
0.029742
0.029742
0.029783
0.029783
0.030638
0.030638
0.030648
0.030648
0.030773
0.030773
0.030834
0.030834
0.03148
0.031482
0.031482
0.031527
0.031527
0.031562
0.031562
0.031738
0.031738
0.031902
0.03196
0.03196
0.032066
0.032066
0.032176
0.032176
0.032608
0.032608
0.032873
0.032873
0.032958
0.032958
0.033207
0.033313
0.033313
0.033882
0.033882
0.033961
0.033961
0.034293
0.034293
0.034444
0.034444
0.034656
0.034656
0.034795
0.035048
0.035048
0.03512
0.03512
0.035525
0.035525
0.035854
0.035854
0.03587
0.03587
0.03614
0.03614
0.036143
0.036143
0.036918
0.036918
0.036957
0.036957
0.037142
0.037142
0.037274
0.037274
0.037616
0.037616
0.037696
0.037754
0.037754
0.037944
0.037944
0.037981
0.037981
0.038218
0.038218
0.038413
0.038413
0.038474
0.038474
0.038555
0.038555
0.03889
0.03889
0.038955
0.038955
0.039349
0.039349
0.039395
0.039395
0.03949
0.03949
0.039719
0.039719
0.04086
0.04086
0.040885
0.040885
0.041085
0.041085
0.041227
0.041227
0.041854
0.041854
0.041897
0.041897
0.041963
0.041963
0.042332
0.042332
0.042783
0.042783
0.043325
0.043325
0.043535
0.043704
0.043704
0.04376
0.04376
0.043821
0.043821
0.044012
0.044012
0.044132
0.044132
0.044478
0.044478
0.045163
0.045163
0.046023
0.046023
0.046241
0.046241
0.046891
0.046891
0.047331
0.047331
0.047426
0.047473
0.047473
0.047827
0.047827
0.048115
0.048115
0.048579
0.049005
0.049005
0.049005
0.049005
0.049085
0.049085
0.049157
0.049555
0.049555
0.049734
0.049734
0.049993
0.049993
0.050071
0.050071
0.050144
0.050144
0.05091
0.05107
0.05107
0.051339
0.051339
0.05141
0.05141
0.052138
0.052138
0.052222
0.052222
0.052339
0.052339
0.053092
0.053092
0.053097
0.053097
0.053257
0.053257
0.053619
0.053619
0.05389
0.05389
0.054147
0.054147
0.054283
0.054283
0.05461
0.05461
0.055694
0.055694
0.056192
0.056192
0.056454
0.056454
0.056459
0.056459
0.056999
0.056999
0.0576
0.0576
0.057774
0.057774
0.057914
0.057914
0.058058
0.058058
0.058342
0.058342
0.058754
0.058754
0.059033
0.059033
0.059905
0.059905
0.060541
0.060541
0.060799
0.060799
0.062307
0.062521
0.06273
0.06273
0.062845
0.062845
0.062979
0.062979
0.063811
0.063811
0.063821
0.063821
0.064633
0.064633
0.064681
0.064924
0.064924
0.065015
0.065015
0.065907
0.065907
0.066038
0.066038
0.066144
0.066144
0.066333
0.066333
0.066403
0.066403
0.06644
0.06644
0.066856
0.066856
0.067149
0.067149
0.068552
0.068552
0.068782
0.068782
0.068783
0.068783
0.069403
0.069627
0.069627
0.069637
0.069637
0.06964
0.06964
0.070394
0.070394
0.070435
0.070435
0.071427
0.071427
0.072885
0.072885
0.072959
0.072959
0.073769
0.073769
0.073814
0.073814
0.074253
0.074253
0.07431
0.07431
0.07482
0.07482
0.074926
0.074926
0.075672
0.075672
0.075716
0.075716
0.076085
0.076085
0.076226
0.076226
0.077026
0.077097
0.077097
0.077607
0.077607
0.077852
0.077852
0.078894
0.078894
0.079117
0.079117
0.079255
0.079255
0.079767
0.079767
0.079891
0.079891
0.0801
0.0801
0.08037
0.08037
0.080727
0.080727
0.083046
0.083046
0.083642
0.083642
0.083715
0.083715
0.083872
0.083872
0.084418
0.084418
0.084681
0.084681
0.085224
0.085224
0.08527
0.08527
0.085989
0.085989
0.086942
0.086942
0.088195
0.088195
0.08835
0.08835
0.089308
0.089308
0.089583
0.089583
0.090853
0.090853
0.090858
0.091079
0.09162
0.09162
0.092613
0.092613
0.093531
0.093531
0.093646
0.093646
0.094426
0.095216
0.095216
0.095441
0.095441
0.096875
0.096875
0.097367
0.097367
0.097851
0.097851
0.097857
0.097857
0.09811
0.09811
0.098388
0.09911
0.09911
0.099843
0.099843
0.10186
0.10186
0.10225
0.10225
0.10373
0.10373
0.10452
0.10452
0.10498
0.10498
0.10516
0.10516
0.10521
0.10521
0.10559
0.10559
0.10802
0.10802
0.10841
0.10841
0.10848
0.10848
0.10893
0.10893
0.10967
0.10967
0.11069
0.11069
0.1111
0.1111
0.11386
0.11386
0.11413
0.11413
0.11501
0.11501
0.11536
0.11536
0.11705
0.11705
0.11864
0.11864
0.11968
0.1198
0.1198
0.12011
0.12011
0.12108
0.12108
0.12144
0.12144
0.12185
0.12185
0.12216
0.12216
0.12256
0.12302
0.12302
0.12307
0.12307
0.12418
0.12418
0.12577
0.12577
0.12621
0.12621
0.12635
0.12635
0.12653
0.12653
0.12704
0.12704
0.128
0.128
0.12987
0.12987
0.13135
0.13135
0.13441
0.13441
0.1348
0.1348
0.13549
0.13549
0.13551
0.13551
0.13602
0.13619
0.13619
0.13654
0.13654
0.13762
0.13762
0.1385
0.1385
0.13893
0.13893
0.13907
0.13907
0.1399
0.1399
0.14058
0.14058
0.14136
0.14136
0.1415
0.1415
0.14231
0.14231
0.14325
0.14325
0.14363
0.14363
0.14373
0.14373
0.14592
0.14638
0.14638
0.14706
0.14706
0.14717
0.14717
0.14807
0.14807
0.14814
0.14814
0.15045
0.15045
0.15049
0.15049
0.15108
0.15108
0.1524
0.1524
0.15261
0.15261
0.15264
0.15264
0.15327
0.15327
0.1533
0.15369
0.15369
0.15438
0.15438
0.15603
0.15603
0.15624
0.15624
0.15634
0.15634
0.15979
0.15979
0.16045
0.16045
0.16088
0.16088
0.16214
0.16214
0.16215
0.16355
0.16355
0.16467
0.16467
0.16491
0.16491
0.16527
0.16527
0.16899
0.16899
0.16913
0.16913
0.16944
0.16944
0.17051
0.17051
0.17078
0.17078
0.17099
0.17099
0.17311
0.17311
0.17421
0.17421
0.17463
0.17463
0.17903
0.17903
0.17983
0.17983
0.18056
0.18056
0.18069
0.18069
0.18097
0.18097
0.18328
0.18328
0.18349
0.18349
0.18423
0.18423
0.18448
0.18448
0.18511
0.18511
0.18574
0.18645
0.18645
0.18755
0.18755
0.18839
0.18839
0.18883
0.18883
0.18905
0.18905
0.18969
0.18969
0.19175
0.19175
0.19241
0.19241
0.19378
0.19378
0.19456
0.19488
0.19488
0.19489
0.19489
0.19523
0.19523
0.19644
0.19644
0.19873
0.20058
0.20058
0.20137
0.20137
0.20246
0.20246
0.20749
0.20749
0.20832
0.20832
0.20996
0.20996
0.21018
0.21018
0.21444
0.21444
0.21593
0.21593
0.21628
0.21628
0.21781
0.21781
0.21796
0.21796
0.21953
0.21953
0.22119
0.22119
0.22123
0.22123
0.22213
0.22213
0.22562
0.22562
0.22578
0.22578
0.22628
0.22914
0.22914
0.2315
0.2315
0.23154
0.23154
0.23313
0.23313
0.23429
0.23429
0.2353
0.2353
0.23718
0.23718
0.23771
0.23771
0.23894
0.23894
0.24012
0.24012
0.24073
0.24073
0.24138
0.24138
0.24206
0.24206
0.24452
0.24452
0.24541
0.24541
0.25326
0.25326
0.2537
0.2537
0.25437
0.25508
0.25508
0.25676
0.25676
0.25712
0.25712
0.2585
0.2585
0.25874
0.25874
0.26128
0.26128
0.26137
0.26137
0.26261
0.26261
0.26342
0.26342
0.26374
0.26385
0.26385
0.2646
0.26579
0.26579
0.27055
0.27055
0.27321
0.27338
0.27338
0.2749
0.2749
0.27611
0.27611
0.27983
0.27983
0.27984
0.27984
0.28221
0.28221
0.28606
0.28606
0.2871
0.28795
0.28999
0.28999
0.29203
0.29203
0.29451
0.29451
0.29498
0.29498
0.29698
0.29698
0.29998
0.29998
0.30108
0.30108
0.30185
0.30185
0.30213
0.30213
0.30305
0.30305
0.30604
0.30604
0.30679
0.30679
0.30687
0.30687
0.31252
0.31252
0.31276
0.31276
0.31449
0.31449
0.31457
0.31457
0.31595
0.31595
0.31691
0.31691
0.32027
0.32027
0.32512
0.32512
0.32568
0.32958
0.32958
0.33386
0.33386
0.33579
0.33579
0.33775
0.33775
0.33868
0.33868
0.3421
0.3421
0.3476
0.3476
0.35089
0.35089
0.35178
0.35178
0.35204
0.35204
0.35371
0.35371
0.35425
0.35425
0.35795
0.35795
0.35941
0.35941
0.35942
0.35942
0.35982
0.35982
0.36074
0.36074
0.36086
0.36086
0.36694
0.36694
0.36726
0.36726
0.36978
0.36978
0.37043
0.37043
0.37384
0.37384
0.37496
0.37496
0.38005
0.38005
0.38075
0.38511
0.38511
0.38513
0.38513
0.38569
0.38569
0.38689
0.38689
0.39011
0.39023
0.39023
0.39089
0.39089
0.39406
0.39406
0.3967
0.3967
0.39945
0.39945
0.40291
0.40291
0.41047
0.41047
0.41452
0.41452
0.41717
0.41717
0.42261
0.42261
0.42616
0.42616
0.42643
0.42726
0.42726
0.4285
0.4285
0.43139
0.43139
0.43599
0.43599
0.43656
0.43656
0.43745
0.43745
0.43803
0.44134
0.44134
0.44264
0.44264
0.44387
0.44387
0.4454
0.4454
0.44646
0.44646
0.44758
0.44758
0.45249
0.45249
0.45455
0.45455
0.45526
0.45526
0.45531
0.46127
0.46127
0.46168
0.46168
0.46261
0.46261
0.46713
0.46813
0.46813
0.46989
0.46989
0.47265
0.47772
0.47772
0.4788
0.4788
0.47917
0.47917
0.48506
0.48506
0.48656
0.48656
0.49052
0.49052
0.49206
0.49206
0.49327
0.49327
0.50052
0.50052
0.50077
0.50077
0.50625
0.50631
0.50631
0.50836
0.50836
0.50876
0.50876
0.50877
0.50877
0.50978
0.50978
0.51253
0.51253
0.5126
0.5126
0.5136
0.5136
0.51378
0.51378
0.51484
0.51484
0.51604
0.51604
0.51637
0.51637
0.52052
0.52052
0.52166
0.52166
0.52296
0.52296
0.52357
0.52357
0.53035
0.53035
0.53325
0.53325
0.53646
0.53646
0.53767
0.53767
0.53914
0.53914
0.54312
0.54312
0.54335
0.54335
0.54526
0.54526
0.54632
0.54632
0.55206
0.55206
0.55415
0.55415
0.55452
0.55452
0.55561
0.55561
0.55751
0.55751
0.56049
0.56049
0.56206
0.5636
0.5636
0.56525
0.56525
0.56607
0.56607
0.57159
0.57159
0.57197
0.57197
0.57321
0.57321
0.57467
0.57467
0.57474
0.57474
0.57578
0.57657
0.57657
0.58148
0.58148
0.58221
0.58221
0.58308
0.58308
0.58593
0.58593
0.58643
0.58643
0.58653
0.58653
0.5875
0.5875
0.5882
0.5882
0.58826
0.58826
0.58945
0.58945
0.58949
0.58949
0.58985
0.58985
0.59004
0.59004
0.59373
0.59373
0.59429
0.59429
0.59481
0.59481
0.59561
0.59561
0.59903
0.60031
0.60031
0.60036
0.60036
0.60157
0.60157
0.60259
0.60259
0.60263
0.60263
0.60428
0.60428
0.60482
0.60482
0.60631
0.60631
0.6071
0.6071
0.60822
0.60822
0.60922
0.60922
0.6099
0.6099
0.61051
0.61051
0.61153
0.61153
0.61654
0.61654
0.61925
0.61925
0.61927
0.61927
0.61941
0.61941
0.62239
0.62239
0.62266
0.62266
0.6233
0.6233
0.62433
0.62433
0.62685
0.62685
0.6277
0.6277
0.63226
0.63226
0.63379
0.63566
0.63566
0.63672
0.63672
0.63812
0.63812
0.63846
0.63846
0.63937
0.63937
0.63992
0.64016
0.64016
0.64208
0.64208
0.64311
0.64311
0.64339
0.64339
0.64434
0.64434
0.64565
0.64565
0.64574
0.64574
0.64597
0.64597
0.6491
0.6491
0.64955
0.64955
0.65126
0.65126
0.65155
0.65155
0.65285
0.65417
0.65417
0.65618
0.65618
0.65694
0.65694
0.65753
0.65753
0.65808
0.65808
0.66025
0.66034
0.66034
0.66064
0.66064
0.66229
0.66229
0.66266
0.66266
0.66423
0.66423
0.66633
0.66633
0.66637
0.66637
0.67052
0.67052
0.67066
0.67066
0.67107
0.67107
0.67182
0.67182
0.67606
0.67606
0.67875
0.67875
0.6789
0.6789
0.67977
0.67977
0.68192
0.68192
0.68351
0.68351
0.68403
0.68403
0.68685
0.68685
0.68753
0.68753
0.68873
0.68873
0.68876
0.68876
0.69432
0.69432
0.69775
0.69775
0.70175
0.70175
0.7034
0.70778
0.70778
0.71265
0.71265
0.71681
0.71823
0.71823
0.72833
0.72833
0.72945
0.72945
0.7395
0.7395
0.74231
0.74231
0.754
0.754
0.76814
0.76814
0.77266
0.77267
0.77267
0.7858
0.7858
0.79112
0.79112
0.79986
0.79986
0.8092
0.8092
0.82239
0.82239
0.82239
0.82239
0.82664
0.84077
0.84077
0.84953
0.84953
0.85475
0.85475
0.86889
0.86889
0.87341
0.88441
0.88441
0.89437
0.89437
0.91222
0.91222
0.91757
0.93855
0.93855
0.96376
