0 0 0.00054462 0 0.00054462 0.00054462
0 0 0.00054462 0 0.00054462 0.00054462
0 0 0.00054648 0 0.00054648 0.00054648
0 0 0.00054648 0 0.00054648 0.00054648
0 0 0.00057362 0 0.00057362 0.00057362
0 0 0.00057362 0 0.00057362 0.00057362
0 0 0.00059266 0 0.00059266 0.00059266
0 0 0.00059266 0 0.00059266 0.00059266
0 0 0.00062486 0 0.00062486 0.00062486
0 0 0.00062486 0 0.00062486 0.00062486
0 0 0.00069103 0 0.00069103 0.00069103
0 0 0.00069103 0 0.00069103 0.00069103
0 0 0.00070848 0 0.00070848 0.00070848
0 0 0.00070848 0 0.00070848 0.00070848
0 0 0.00076456 0 0.00076456 0.00076456
0 0 0.00076456 0 0.00076456 0.00076456
0 0 0.00083738 0 0.00083738 0.00083738
0 0 0.00083738 0 0.00083738 0.00083738
0 0 0.00090162 0 0.00090162 0.00090162
0 0 0.00090162 0 0.00090162 0.00090162
0 0 0.0009446 0 0.0009446 0.0009446
0 0 0.0009446 0 0.0009446 0.0009446
0 0 0.0014028 0 0.0014028 0.0014028
0 0 0.0014028 0 0.0014028 0.0014028
0 0 0.002277 0 0.002277 0.002277
0 0 0.002277 0 0.002277 0.002277
0 0 0.00389 0 0.00389 0.00389
0 0 0.00389 0 0.00389 0.00389
0 0 0.0066548 0 0.0066548 0.0066548
0 0 0.0066548 0 0.0066548 0.0066548
0 0 0.010896 0 0.008617 0.008617
0 0 0.010896 0 0.010896 0.010896
0 0 0.012056 0 0.010896 0.010896
0 0 0.012056 0 0.012056 0.012056
0 0 0.012128 0 0.012056 0.012056
0 0 0.012128 0 0.012128 0.012128
0 0 0.012323 0 0.012128 0.012128
0 0 0.012323 0 0.012323 0.012323
0 0 0.012643 0 0.012323 0.012323
0 0 0.012643 0 0.012643 0.012643
0 0 0.012837 0 0.012643 0.012643
0 0 0.012837 0 0.012837 0.012837
0 0 0.013511 0 0.012837 0.012837
0 0 0.013511 0 0.013401 0.013401
0 0 0.013721 0 0.013511 0.013511
0 0 0.013721 0 0.013511 0.013511
0 0 0.014268 0 0.013721 0.013721
0 0 0.014268 0 0.013721 0.013721
0 0 0.015031 0 0.014268 0.014268
0 0 0.015031 0 0.014268 0.014268
0 0 0.015496 0 0.015031 0.015031
0 0 0.015496 0 0.015031 0.015031
0 0 0.015734 0 0.015111 0.015111
0 0 0.015734 0 0.015111 0.015111
0 0 0.016324 0 0.015496 0.015496
0 0 0.016324 0 0.015496 0.015496
0 0 0.016557 0 0.015734 0.015734
0 0 0.016557 0 0.015734 0.015734
0 0 0.018099 0 0.016324 0.016324
0 0 0.018099 0 0.016324 0.016324
0 0 0.021604 0 0.016557 0.016557
0 0 0.021604 0 0.016557 0.016557
0 0 0.02277 0 0.018099 0.018099
0 0 0.02277 0 0.018099 0.018099
0 0 0.025953 0 0.019779 0.019779
0 0 0.025953 0 0.020567 0.020567
0 0 0.026492 0 0.020567 0.020567
0 0 0.02726 0 0.021604 0.021604
0 0 0.02726 0 0.021604 0.021604
0 0 0.030806 0 0.022328 0.022328
0 0 0.030806 0 0.022328 0.022328
0 0 0.035327 0 0.02277 0.02277
0 0 0.035327 0 0.02277 0.02277
0 0 0.035994 0 0.023184 0.023184
0 0 0.037883 0 0.023703 0.023703
0 0 0.037883 0 0.023703 0.023703
0 0 0.039831 0 0.024706 0.024706
0 0 0.039831 0 0.024706 0.024706
0 0 0.040119 0 0.025953 0.025953
0 0 0.040119 0 0.025953 0.025953
0 0 0.040133 0 0.02641 0.02641
0 0 0.040133 0 0.026492 0.026492
0 0 0.040902 0 0.026749 0.026749
0 0 0.040902 0 0.026749 0.026749
0 0 0.041084 0 0.02726 0.02726
0 0 0.041084 0 0.02726 0.02726
0 0 0.042066 0 0.027683 0.027683
0 0 0.042066 0 0.027683 0.027683
0 0 0.04234 0 0.028274 0.028274
0 0 0.04234 0 0.028565 0.028565
0 0 0.042405 0 0.028565 0.028565
0 0 0.042405 0 0.029 0.029
0 0 0.042593 0 0.029 0.029
0 0 0.042593 0 0.029195 0.029195
0 0 0.042674 0 0.029195 0.029195
0 0 0.042674 0 0.029771 0.029771
0 0 0.042679 0 0.029771 0.029771
0 0 0.042679 0 0.030052 0.030052
0 0 0.043068 0 0.030201 0.030201
0 0 0.043068 0 0.030201 0.030201
0 0 0.043293 0 0.030615 0.030615
0 0 0.043293 0 0.030615 0.030615
0 0 0.043489 0 0.030806 0.030806
0 0 0.043489 0 0.030806 0.030806
0 0 0.043497 0 0.031209 0.031209
0 0 0.043497 0 0.031209 0.031209
0 0 0.043909 0 0.031211 0.031211
0 0 0.043909 0 0.031211 0.031211
0 0 0.04459 0 0.031402 0.031402
0 0 0.04459 0 0.031402 0.031402
0 0 0.044786 0 0.031749 0.031749
0 0 0.044786 0 0.031749 0.031749
0 0 0.045051 0 0.032016 0.032016
0 0 0.045051 0 0.032081 0.032081
0 0 0.04641 0 0.032081 0.032081
0 0 0.046634 0 0.032189 0.032189
0 0 0.046634 0 0.032189 0.032189
0 0 0.046658 0 0.032264 0.032264
0 0 0.046658 0 0.032264 0.032264
0 0 0.047105 0 0.032529 0.032529
0 0 0.047105 0 0.032529 0.032529
0 0 0.048131 0 0.03264 0.03264
0 0 0.048131 0 0.03264 0.03264
0 0 0.049009 0 0.032721 0.032721
0 0 0.049009 0 0.032721 0.032721
0 0 0.049378 0 0.032835 0.032835
0 0 0.049378 0 0.032835 0.032835
0 0 0.049452 0 0.032866 0.032866
0 0 0.049452 0 0.032866 0.032866
0 0 0.049692 0 0.032925 0.032925
0 0 0.049692 0 0.032925 0.032925
0 0 0.050521 0 0.033049 0.033049
0 0 0.050521 0 0.033049 0.033049
0 0 0.053918 0 0.033084 0.033084
0 0 0.053918 0 0.033109 0.033109
0 0 0.057553 0 0.033109 0.033109
0 0 0.059589 0 0.033178 0.033178
0 0 0.059589 0 0.033178 0.033178
0 0 0.06159 0 0.033187 0.033187
0 0 0.06159 0 0.033187 0.033187
0 0 0.063321 0 0.033204 0.033204
0 0 0.063321 0 0.033204 0.033204
0 0 0.063978 0 0.033243 0.033243
0 0 0.063978 0 0.033243 0.033243
0 0 0.064312 0 0.033256 0.033256
0 0 0.064312 0 0.033256 0.033256
0 0 0.064754 0 0.033274 0.033274
0 0 0.064754 0 0.033274 0.033274
0 0 0.065521 0 0.033276 0.033276
0 0 0.065521 0 0.033276 0.033276
0 0 0.066696 0 0.0333 0.0333
0 0 0.066696 0 0.0333 0.0333
0 0 0.066992 0 0.033355 0.033355
0 0 0.066992 0 0.033355 0.033355
0 0 0.068276 0 0.033363 0.033363
0 0 0.068276 0 0.033363 0.033363
0 0 0.069545 0 0.033372 0.033372
0 0 0.070201 0 0.033372 0.033372
0 0 0.070201 0 0.033379 0.033379
0 0 0.072382 0 0.033379 0.033379
0 0 0.072382 0 0.03343 0.03343
0 0 0.074646 0 0.03343 0.03343
0 0 0.074646 0 0.033431 0.033431
0 0 0.074709 0 0.033431 0.033431
0 0 0.074709 0 0.033454 0.033454
0 0 0.076442 0 0.033454 0.033454
0 0 0.076442 0 0.033459 0.033459
0 0 0.077066 0 0.033459 0.033459
0 0 0.077066 0 0.033478 0.033478
0 0 0.078181 0 0.033478 0.033478
0 0 0.078181 0 0.033481 0.033481
0 0 0.079337 0 0.033481 0.033481
0 0 0.079337 0 0.033489 0.033489
0 0 0.08097 0 0.033489 0.033489
0 0 0.08097 0 0.033492 0.033492
0 0 0.081409 0 0.033492 0.033492
0 0 0.081409 0 0.033494 0.033494
0 0 0.082738 0 0.033494 0.033494
0 0 0.083185 0 0.033535 0.033535
0 0 0.083185 0 0.033535 0.033535
0 0 0.08351 0 0.033538 0.033538
0 0 0.08351 0 0.033538 0.033538
0 0 0.084583 0 0.033568 0.033568
0 0 0.084583 0 0.033568 0.033568
0 0 0.086083 0 0.033581 0.033581
0 0 0.086083 0 0.033581 0.033581
0 0 0.08823 0 0.033585 0.033585
0 0 0.08823 0 0.033585 0.033585
0 0 0.088826 0 0.033586 0.033586
0 0 0.088826 0 0.033586 0.033586
0 0 0.0889 0 0.033592 0.033592
0 0 0.0889 0 0.033592 0.033592
0 0 0.091779 0 0.033597 0.033597
0 0 0.091779 0 0.033597 0.033597
0 0 0.093991 0 0.033633 0.033633
0 0 0.093991 0 0.033633 0.033633
0 0 0.094917 0 0.033634 0.033634
0 0 0.094917 0 0.033634 0.033634
0 0 0.097433 0 0.03365 0.03365
0 0 0.098174 0 0.03365 0.03365
0 0 0.098174 0 0.033652 0.033652
0 0 0.098551 0 0.033652 0.033652
0 0 0.098551 0 0.033681 0.033681
0 0 0.10146 0 0.033681 0.033681
0 0 0.10146 0 0.033684 0.033684
0 0 0.10245 0 0.033684 0.033684
0 0 0.10245 0 0.033691 0.033691
0 0 0.1029 0 0.033691 0.033691
0 0 0.1029 0 0.033691 0.033691
0 0 0.10465 0 0.033694 0.033694
0 0 0.10465 0 0.033694 0.033694
0 0 0.10466 0 0.033699 0.033699
0 0 0.10466 0 0.033699 0.033699
0 0 0.10722 0 0.033699 0.033699
0 0 0.10722 0 0.033699 0.033699
0 0 0.10765 0 0.033704 0.033704
0 0 0.10765 0 0.033704 0.033704
0 0 0.10969 0 0.03374 0.03374
0 0 0.10969 0 0.03374 0.03374
0 0 0.10973 0 0.03374 0.03374
0 0 0.10973 0 0.03374 0.03374
0 0 0.10983 0 0.033746 0.033746
0 0 0.10983 0 0.033746 0.033746
0 0 0.11 0 0.033761 0.033761
0 0 0.11 0 0.033761 0.033761
0 0 0.11033 0 0.033797 0.033797
0 0 0.11033 0 0.033797 0.033797
0 0 0.11054 0 0.033799 0.033799
0 0 0.11054 0 0.033799 0.033799
0 0 0.11056 0 0.03381 0.03381
0 0 0.11056 0 0.03381 0.03381
0 0 0.11056 0 0.033817 0.033817
0 0 0.11056 0 0.033817 0.033817
0 0 0.11093 0 0.033848 0.033848
0 0 0.11093 0 0.033848 0.033848
0 0 0.11112 0 0.033855 0.033855
0 0 0.11112 0 0.033855 0.033855
0 0 0.11113 0 0.033856 0.033856
0 0 0.11113 0 0.033856 0.033856
0 0 0.11147 0 0.033863 0.033863
0 0 0.11147 0 0.033863 0.033863
0 0 0.11159 0 0.033865 0.033865
0 0 0.11159 0 0.033865 0.033865
0 0 0.11159 0 0.033889 0.033889
0 0 0.11159 0 0.033889 0.033889
0 0 0.1124 0 0.033899 0.033899
0 0 0.1124 0 0.033899 0.033899
0 0 0.11241 0 0.03392 0.03392
0 0 0.11241 0 0.03392 0.03392
0 0 0.11258 0 0.033944 0.033944
0 0 0.11258 0 0.033944 0.033944
0 0 0.11283 0 0.03395 0.03395
0 0 0.11283 0 0.03395 0.03395
0 0 0.11329 0 0.033961 0.033961
0 0 0.11329 0 0.033961 0.033961
0 0 0.11385 0 0.033981 0.033981
0 0 0.11414 0 0.033981 0.033981
0 0 0.11414 0 0.033995 0.033995
0 0 0.11431 0 0.033995 0.033995
0 0 0.11431 0 0.034003 0.034003
0 0 0.11455 0 0.034003 0.034003
0 0 0.11455 0 0.03401 0.03401
0 0 0.11474 0 0.03401 0.03401
0 0 0.11474 0 0.034026 0.034026
0 0 0.1149 0 0.034026 0.034026
0 0 0.1149 0 0.03403 0.03403
0 0 0.11599 0 0.03403 0.03403
0 0 0.11599 0 0.034033 0.034033
0 0 0.11722 0 0.034033 0.034033
0 0 0.11722 0 0.034063 0.034063
0 0 0.11732 0 0.034063 0.034063
0 0 0.11732 0 0.034067 0.034067
0 0 0.11774 0 0.034067 0.034067
0 0 0.11774 0 0.034074 0.034074
0 0 0.11831 0 0.034111 0.034111
0 0 0.11831 0 0.034111 0.034111
0 0 0.1204 0 0.034113 0.034113
0 0 0.1204 0 0.034113 0.034113
0 0 0.12072 0 0.034122 0.034122
0 0 0.12072 0 0.034122 0.034122
0 0 0.12213 0 0.034154 0.034154
0 0 0.12213 0 0.034154 0.034154
0 0 0.12214 0 0.034155 0.034155
0 0 0.12214 0 0.034155 0.034155
0 0 0.12311 0 0.034183 0.034183
0 0 0.12311 0 0.034183 0.034183
0 0 0.12471 0 0.034186 0.034186
0 0 0.12471 0 0.034186 0.034186
0 0 0.1251 0 0.034199 0.034199
0 0 0.1251 0 0.034199 0.034199
0 0 0.1278 0 0.034221 0.034221
0 0 0.1278 0 0.034221 0.034221
0 0 0.12883 0 0.034226 0.034226
0 0 0.12883 0 0.034226 0.034226
0 0 0.12891 0 0.03423 0.03423
0 0 0.12891 0 0.03423 0.03423
0 0 0.1299 0 0.034271 0.034271
0 0 0.1299 0 0.034271 0.034271
0 0 0.13068 0 0.034297 0.034297
0 0 0.13068 0 0.034297 0.034297
0 0 0.13136 0 0.034319 0.034319
0 0 0.13201 0 0.034319 0.034319
0 0 0.13201 0 0.034328 0.034328
0 0 0.13214 0 0.034328 0.034328
0 0 0.13263 0 0.03434 0.03434
0 0 0.13263 0 0.03434 0.03434
0 0 0.13463 0 0.034344 0.034344
0 0 0.13463 0 0.034344 0.034344
0 0 0.13475 0 0.034345 0.034345
0 0 0.13475 0 0.034345 0.034345
0 0 0.13599 0 0.034362 0.034362
0 0 0.13599 0 0.034404 0.034404
0 0 0.13735 0 0.034404 0.034404
0 0 0.13735 0 0.03443 0.03443
0 0 0.13768 0 0.03443 0.03443
0 0 0.13768 0 0.034441 0.034441
0 0 0.13878 0 0.034441 0.034441
0 0 0.13878 0 0.034469 0.034469
0 0 0.14025 0 0.034469 0.034469
0 0 0.14025 0 0.034487 0.034487
0 0 0.14089 0 0.034487 0.034487
0 0 0.14089 0 0.03449 0.03449
0 0 0.14152 0 0.03449 0.03449
0 0 0.14152 0 0.034499 0.034499
0 0 0.1427 0 0.034499 0.034499
0 0 0.1427 0 0.034504 0.034504
0 0 0.1446 0 0.034504 0.034504
0 0 0.1446 0 0.034514 0.034514
0 0 0.14567 0 0.034514 0.034514
0 0 0.14567 0 0.034583 0.034583
0 0 0.14641 0 0.034583 0.034583
0 0 0.14641 0 0.034589 0.034589
0 0 0.15051 0 0.034589 0.034589
0 0 0.15051 0 0.034622 0.034622
0 0 0.15078 0 0.034639 0.034639
0 0 0.15078 0 0.034639 0.034639
0 0 0.15081 0 0.034665 0.034665
0 0 0.15081 0 0.034665 0.034665
0 0 0.15169 0 0.03467 0.03467
0 0 0.15169 0 0.03467 0.03467
0 0 0.15247 0 0.034676 0.034676
0 0 0.15495 0 0.034676 0.034676
0 0 0.15552 0 0.034708 0.034708
0 0 0.15552 0 0.034708 0.034708
0 0 0.15671 0 0.034711 0.034711
0 0 0.15671 0 0.034711 0.034711
0 0 0.15723 0 0.034722 0.034722
0 0 0.15723 0 0.034722 0.034722
0 0 0.15842 0 0.034742 0.034742
0 0 0.15842 0 0.034742 0.034742
0 0 0.15844 0 0.034834 0.034834
0 0 0.15844 0 0.034834 0.034834
0 0 0.15859 0 0.034838 0.034838
0 0 0.15859 0 0.034838 0.034838
0 0 0.15892 0 0.034858 0.034858
0 0 0.15892 0 0.034858 0.034858
0 0 0.1591 0 0.034882 0.034882
0 0 0.1591 0 0.034887 0.034887
0 0 0.15924 0 0.034887 0.034887
0 0 0.15924 0 0.034903 0.034903
0 0 0.15965 0 0.034903 0.034903
0 0 0.15965 0 0.034907 0.034907
0 0 0.15981 0 0.034907 0.034907
0 0 0.15981 0 0.034929 0.034929
0 0 0.16048 0 0.034929 0.034929
0 0 0.16048 0 0.034985 0.034985
0 0 0.16098 0 0.034985 0.034985
0 0 0.16098 0 0.035002 0.035002
0 0 0.16232 0 0.035002 0.035002
0 0 0.16232 0 0.035051 0.035051
0 0 0.16261 0 0.035051 0.035051
0 0 0.16261 0 0.03509 0.03509
0 0 0.16299 0 0.03509 0.03509
0 0 0.16299 0 0.035093 0.035093
0 0 0.16307 0 0.035093 0.035093
0 0 0.16307 0 0.035144 0.035144
0 0 0.16371 0 0.035144 0.035144
0 0 0.16371 0 0.035145 0.035145
0 0 0.16388 0 0.035145 0.035145
0 0 0.16388 0 0.035146 0.035146
0 0 0.16394 0 0.035146 0.035146
0 0 0.16394 0 0.03515 0.03515
0 0 0.16428 0 0.035252 0.035252
0 0 0.16428 0 0.035252 0.035252
0 0 0.16493 0 0.035252 0.035252
0 0 0.16493 0 0.035252 0.035252
0 0 0.16507 0 0.035269 0.035269
0 0 0.16507 0 0.035269 0.035269
0 0 0.16522 0 0.035326 0.035326
0 0 0.16522 0 0.035326 0.035326
0 0 0.16543 0 0.035327 0.035327
0 0 0.16543 0 0.035327 0.035327
0 0 0.16562 0 0.035346 0.035346
0 0 0.16562 0 0.035346 0.035346
0 0 0.16594 0 0.03535 0.03535
0 0 0.16594 0 0.03535 0.03535
0 0 0.16631 0 0.035379 0.035379
0 0 0.16631 0 0.035379 0.035379
0 0 0.16737 0 0.03539 0.03539
0 0 0.16737 0 0.03539 0.03539
0.00054462 0.00054462 0.16737 0 0.035404 0.035404
0.00054462 0.00054462 0.16737 0 0.035404 0.035404
0.00054648 0.00054648 0.16774 0 0.03542 0.03542
0.00054648 0.00054648 0.16774 0 0.035457 0.035457
0.00057362 0.00057362 0.16867 0 0.035457 0.035457
0.00057362 0.00057362 0.16867 0 0.035459 0.035459
0.00059266 0.00059266 0.1693 0 0.035459 0.035459
0.00059266 0.00059266 0.1693 0 0.035515 0.035515
0.00062486 0.00062486 0.1703 0 0.035515 0.035515
0.00062486 0.00062486 0.17053 0 0.035533 0.035533
0.00069103 0.00069103 0.17053 0 0.035533 0.035533
0.00069103 0.00069103 0.17148 0 0.035533 0.035533
0.00070848 0.00070848 0.17148 0 0.035533 0.035533
0.00070848 0.00070848 0.1717 0 0.03559 0.03559
0.00076456 0.00076456 0.1717 0 0.03559 0.03559
0.00076456 0.00076456 0.17182 0 0.035594 0.035594
0.00083738 0.00083738 0.17182 0 0.035594 0.035594
0.00083738 0.00083738 0.17319 0 0.035611 0.035611
0.00090162 0.00090162 0.17319 0 0.035611 0.035611
0.00090162 0.00090162 0.17321 0 0.035659 0.035659
0.0009446 0.0009446 0.17321 0 0.035659 0.035659
0.0009446 0.0009446 0.17504 0 0.035662 0.035662
0.0014028 0.0014028 0.17506 0 0.035662 0.035662
0.0014028 0.0014028 0.17506 0 0.035681 0.035681
0.002277 0.002277 0.176 0 0.035692 0.035692
0.002277 0.002277 0.176 0 0.035692 0.035692
0.00389 0.00389 0.1772 0 0.035765 0.035765
0.00389 0.00389 0.1772 0 0.035765 0.035765
0.0066548 0.0066548 0.17914 0 0.035776 0.035776
0.0066548 0.0066548 0.17914 0 0.035776 0.035776
0.010896 0.010896 0.18224 0 0.035779 0.035779
0.010896 0.010896 0.18224 0 0.035779 0.035779
0.012056 0.012056 0.18302 0 0.035811 0.035811
0.012056 0.012056 0.18319 0 0.035811 0.035811
0.012128 0.012128 0.18319 0 0.035862 0.035862
0.012128 0.012128 0.18395 0 0.035862 0.035862
0.012323 0.012323 0.18395 0 0.035862 0.035862
0.012323 0.012323 0.18423 0 0.035862 0.035862
0.012643 0.012643 0.18423 0 0.0359 0.0359
0.012643 0.012643 0.18638 0 0.0359 0.0359
0.012837 0.012837 0.18638 0 0.035919 0.035919
0.012837 0.012837 0.18654 0 0.03595 0.03595
0.013511 0.013511 0.18654 0 0.03595 0.03595
0.013511 0.013511 0.18678 0 0.035951 0.035951
0.013721 0.013721 0.18678 0 0.035984 0.035984
0.013721 0.013721 0.18703 0 0.035984 0.035984
0.014268 0.014268 0.18703 0 0.035986 0.035986
0.014268 0.014268 0.18838 0 0.035986 0.035986
0.015031 0.015031 0.18838 0 0.035994 0.035994
0.015031 0.015031 0.18864 0 0.035994 0.035994
0.015496 0.015496 0.18864 0 0.035994 0.035994
0.015496 0.015496 0.18864 0 0.03604 0.03604
0.015734 0.015734 0.18864 0 0.03604 0.03604
0.015734 0.015734 0.1888 0 0.03605 0.03605
0.016324 0.016324 0.1888 0 0.03605 0.03605
0.016324 0.016324 0.18931 0 0.036112 0.036112
0.016557 0.016557 0.18931 0 0.036112 0.036112
0.016557 0.016557 0.18946 0 0.036118 0.036118
0.018099 0.018099 0.18946 0 0.03613 0.03613
0.018099 0.018099 0.19024 0 0.03613 0.03613
0.021604 0.021604 0.19024 0 0.036161 0.036161
0.021604 0.021604 0.19052 0 0.036161 0.036161
0.02277 0.02277 0.19052 0 0.036214 0.036214
0.02277 0.02277 0.19145 0 0.036214 0.036214
0.025953 0.025953 0.19145 0 0.036222 0.036222
0.025953 0.025953 0.19156 0 0.036222 0.036222
0.026492 0.026492 0.19156 0 0.036265 0.036265
0.02726 0.02726 0.1929 0 0.036272 0.036272
0.02726 0.02726 0.1929 0 0.036272 0.036272
0.030806 0.030806 0.19322 0 0.036308 0.036308
0.030806 0.030806 0.19322 0 0.036308 0.036308
0.035327 0.035327 0.19432 0 0.036311 0.036311
0.035327 0.035327 0.19432 0 0.036311 0.036311
0.035994 0.035994 0.19439 0 0.036337 0.036337
0.037883 0.037883 0.19439 0 0.036337 0.036337
0.037883 0.037883 0.19447 0 0.036351 0.036351
0.039831 0.039831 0.19447 0 0.03639 0.03639
0.039831 0.039831 0.19474 0 0.036394 0.036394
0.040119 0.040119 0.19474 0 0.036394 0.036394
0.040119 0.040119 0.19478 0 0.036442 0.036442
0.040133 0.040133 0.19478 0 0.036442 0.036442
0.040133 0.040133 0.19513 0 0.036461 0.036461
0.040902 0.040902 0.19513 0 0.036461 0.036461
0.040902 0.040902 0.1952 0 0.036466 0.036466
0.041084 0.041084 0.1952 0 0.036469 0.036469
0.041084 0.041084 0.19545 0 0.036469 0.036469
0.042066 0.042066 0.19545 0 0.036499 0.036499
0.042066 0.042066 0.1956 0 0.036499 0.036499
0.04234 0.04234 0.19663 0 0.036499 0.036499
0.04234 0.04234 0.19663 0 0.036499 0.036499
0.042405 0.042405 0.19719 0 0.037288 0.037288
0.042405 0.042405 0.19719 0 0.037288 0.037288
0.042593 0.042593 0.19828 0 0.037883 0.037883
0.042593 0.042593 0.19828 0 0.037883 0.037883
0.042674 0.042674 0.1983 0 0.038224 0.038224
0.042674 0.042674 0.1983 0 0.038224 0.038224
0.042679 0.042679 0.19833 0 0.038656 0.038656
0.042679 0.042679 0.19833 0 0.038656 0.038656
0.043068 0.043068 0.19837 0 0.039422 0.039422
0.043068 0.043068 0.19837 0 0.039422 0.039422
0.043293 0.043293 0.1993 0 0.03971 0.03971
0.043293 0.043293 0.1993 0 0.039831 0.039831
0.043489 0.043489 0.2001 0 0.039831 0.039831
0.043489 0.043489 0.20074 0 0.039848 0.039848
0.043497 0.043497 0.20074 0 0.039848 0.039848
0.043497 0.043497 0.2008 0 0.040119 0.040119
0.043909 0.043909 0.2008 0 0.040119 0.040119
0.043909 0.043909 0.20136 0 0.040133 0.040133
0.04459 0.04459 0.20136 0 0.040133 0.040133
0.04459 0.04459 0.20228 0 0.040232 0.040232
0.044786 0.044786 0.20228 0 0.040232 0.040232
0.044786 0.044786 0.20328 0 0.040786 0.040786
0.045051 0.045051 0.20328 0 0.040786 0.040786
0.045051 0.045051 0.20405 0 0.040803 0.040803
0.04641 0.04641 0.20405 0 0.040803 0.040803
0.046634 0.046634 0.20416 0 0.040902 0.040902
0.046634 0.046634 0.20416 0 0.040902 0.040902
0.046658 0.046658 0.2044 0 0.040965 0.040965
0.046658 0.046658 0.2044 0 0.040965 0.040965
0.047105 0.047105 0.20466 0 0.041084 0.041084
0.047105 0.047105 0.20466 0 0.041084 0.041084
0.048131 0.048131 0.20498 0 0.041134 0.041134
0.048131 0.048131 0.20498 0 0.041134 0.041134
0.049009 0.049009 0.20638 0 0.041167 0.041167
0.049009 0.049009 0.20638 0 0.041167 0.041167
0.049378 0.049378 0.20681 0 0.041243 0.041243
0.049378 0.049378 0.20681 0 0.041243 0.041243
0.049452 0.049452 0.20693 0 0.041255 0.041255
0.049452 0.049452 0.20693 0 0.041255 0.041255
0.049692 0.049692 0.20711 0 0.041285 0.041285
0.049692 0.049692 0.20711 0 0.041285 0.041285
0.050521 0.050521 0.2076 0 0.041338 0.041338
0.050521 0.050521 0.2076 0 0.041338 0.041338
0.053918 0.053918 0.2078 0 0.041413 0.041413
0.053918 0.053918 0.2078 0 0.041413 0.041413
0.057553 0.057553 0.20826 0 0.041435 0.041435
0.059589 0.059589 0.20826 0 0.041435 0.041435
0.059589 0.059589 0.20841 0 0.041454 0.041454
0.06159 0.06159 0.20841 0 0.041454 0.041454
0.06159 0.06159 0.20917 0 0.041527 0.041527
0.063321 0.063321 0.20919 0 0.041574 0.041574
0.063321 0.063321 0.20919 0 0.041574 0.041574
0.063978 0.063978 0.20942 0 0.041597 0.041597
0.063978 0.063978 0.20942 0 0.041597 0.041597
0.064312 0.064312 0.20957 0 0.041609 0.041609
0.064312 0.064312 0.20957 0 0.041609 0.041609
0.064754 0.064754 0.20961 0 0.041623 0.041623
0.064754 0.064754 0.20961 0 0.041623 0.041623
0.065521 0.065521 0.21117 0 0.041638 0.041638
0.065521 0.065521 0.21117 0 0.041638 0.041638
0.066696 0.066696 0.21126 0 0.041672 0.041672
0.066696 0.066696 0.21126 0 0.041672 0.041672
0.066992 0.066992 0.2116 0 0.04169 0.04169
0.066992 0.066992 0.2116 0 0.04169 0.04169
0.068276 0.068276 0.21314 0 0.041703 0.041703
0.068276 0.068276 0.21314 0 0.041703 0.041703
0.069545 0.069545 0.21325 0 0.041766 0.041766
0.070201 0.070201 0.21325 0 0.041766 0.041766
0.070201 0.070201 0.21342 0 0.04178 0.04178
0.072382 0.072382 0.21342 0 0.04178 0.04178
0.072382 0.072382 0.21355 0 0.041818 0.041818
0.074646 0.074646 0.21355 0 0.041818 0.041818
0.074646 0.074646 0.21417 0 0.041839 0.041839
0.074709 0.074709 0.21417 0 0.041839 0.041839
0.074709 0.074709 0.21544 0 0.041879 0.041879
0.076442 0.076442 0.21544 0 0.041879 0.041879
0.076442 0.076442 0.2162 0 0.041883 0.041883
0.077066 0.077066 0.2162 0 0.041883 0.041883
0.077066 0.077066 0.21693 0 0.041887 0.041887
0.078181 0.078181 0.21693 0 0.041887 0.041887
0.078181 0.078181 0.21939 0 0.041916 0.041916
0.079337 0.079337 0.21939 0 0.041916 0.041916
0.079337 0.079337 0.21946 0 0.041937 0.041937
0.08097 0.08097 0.21946 0 0.041937 0.041937
0.08097 0.08097 0.21971 0 0.041943 0.041943
0.081409 0.081409 0.21971 0 0.041943 0.041943
0.081409 0.081409 0.21985 0 0.041988 0.041988
0.082738 0.082738 0.21985 0 0.041988 0.041988
0.083185 0.083185 0.22 0 0.042002 0.042002
0.083185 0.083185 0.22 0 0.042002 0.042002
0.08351 0.08351 0.22052 0 0.042048 0.042048
0.08351 0.08351 0.22052 0 0.042048 0.042048
0.084583 0.084583 0.22055 0 0.042048 0.042048
0.084583 0.084583 0.22055 0 0.042048 0.042048
0.086083 0.086083 0.22063 0 0.042054 0.042054
0.086083 0.086083 0.22115 0 0.042054 0.042054
0.08823 0.08823 0.22115 0 0.042066 0.042066
0.08823 0.08823 0.22289 0 0.042066 0.042066
0.088826 0.088826 0.22289 0 0.042076 0.042076
0.088826 0.088826 0.22407 0 0.042076 0.042076
0.0889 0.0889 0.22407 0 0.042095 0.042095
0.0889 0.0889 0.22427 0 0.042095 0.042095
0.091779 0.091779 0.22509 0 0.042095 0.042095
0.091779 0.091779 0.22509 0 0.042095 0.042095
0.093991 0.093991 0.22596 0 0.042097 0.042097
0.093991 0.093991 0.22596 0 0.042097 0.042097
0.094917 0.094917 0.22621 0 0.042112 0.042112
0.094917 0.094917 0.22621 0 0.042112 0.042112
0.097433 0.097433 0.22668 0 0.042161 0.042161
0.098174 0.098174 0.22668 0 0.042161 0.042161
0.098174 0.098174 0.22762 0 0.042163 0.042163
0.098551 0.098551 0.22762 0 0.042163 0.042163
0.098551 0.098551 0.22812 0 0.042163 0.042163
0.10146 0.10146 0.22897 0 0.042163 0.042163
0.10146 0.10146 0.22897 0 0.042242 0.042242
0.10245 0.10245 0.2294 0 0.042242 0.042242
0.10245 0.10245 0.2294 0 0.042243 0.042243
0.1029 0.1029 0.22946 0 0.042243 0.042243
0.1029 0.1029 0.22946 0 0.042246 0.042246
0.10465 0.10465 0.231 0 0.042246 0.042246
0.10465 0.10465 0.231 0 0.042269 0.042269
0.10466 0.10466 0.23168 0 0.042269 0.042269
0.10466 0.10466 0.23168 0 0.042281 0.042281
0.10722 0.10722 0.23182 0 0.042281 0.042281
0.10722 0.10722 0.23182 0 0.042284 0.042284
0.10765 0.10765 0.23276 0 0.042284 0.042284
0.10765 0.10765 0.23276 0 0.042303 0.042303
0.10969 0.10969 0.23363 0 0.042303 0.042303
0.10969 0.10969 0.23363 0 0.042313 0.042313
0.10973 0.10973 0.23364 0 0.042313 0.042313
0.10973 0.10973 0.23364 0 0.04232 0.04232
0.10983 0.10983 0.23442 0 0.04232 0.04232
0.10983 0.10983 0.23442 0 0.042328 0.042328
0.11 0.11 0.23608 0 0.042328 0.042328
0.11 0.11 0.23608 0 0.042359 0.042359
0.11033 0.11033 0.23611 0 0.042359 0.042359
0.11033 0.11033 0.23611 0 0.042365 0.042365
0.11054 0.11054 0.23667 0 0.042365 0.042365
0.11054 0.11054 0.23667 0 0.042401 0.042401
0.11056 0.11056 0.23727 0 0.042401 0.042401
0.11056 0.11056 0.23727 0 0.042417 0.042417
0.11056 0.11056 0.2379 0 0.042417 0.042417
0.11056 0.11056 0.2379 0 0.042418 0.042418
0.11093 0.11093 0.23829 0 0.04242 0.04242
0.11093 0.11093 0.23829 0 0.04242 0.04242
0.11112 0.11112 0.23848 0 0.04242 0.04242
0.11112 0.11112 0.23848 0 0.04242 0.04242
0.11113 0.11113 0.23892 0 0.042421 0.042421
0.11113 0.11113 0.23892 0 0.042421 0.042421
0.11147 0.11147 0.24077 0 0.042425 0.042425
0.11147 0.11147 0.24077 0 0.042425 0.042425
0.11159 0.11159 0.24123 0 0.042436 0.042436
0.11159 0.11159 0.24219 0 0.042436 0.042436
0.11159 0.11159 0.24219 0 0.042455 0.042455
0.11159 0.11159 0.24226 0 0.042455 0.042455
0.1124 0.1124 0.24226 0 0.042515 0.042515
0.1124 0.1124 0.2425 0 0.042515 0.042515
0.11241 0.11241 0.2425 0 0.042524 0.042524
0.11241 0.11241 0.24294 0 0.042524 0.042524
0.11258 0.11258 0.24294 0 0.042528 0.042528
0.11258 0.11258 0.24305 0 0.042528 0.042528
0.11283 0.11283 0.24305 0 0.042592 0.042592
0.11283 0.11283 0.2436 0 0.042592 0.042592
0.11329 0.11329 0.2436 0 0.042594 0.042594
0.11329 0.11329 0.24366 0 0.042594 0.042594
0.11385 0.11385 0.24366 0 0.042595 0.042595
0.11414 0.11414 0.24389 0 0.042595 0.042595
0.11414 0.11414 0.24389 0 0.042611 0.042611
0.11431 0.11431 0.24395 0 0.042611 0.042611
0.11431 0.11431 0.24395 0 0.042612 0.042612
0.11455 0.11455 0.244 0 0.042612 0.042612
0.11455 0.11455 0.244 0 0.042627 0.042627
0.11474 0.11474 0.24417 0 0.042627 0.042627
0.11474 0.11474 0.24417 0 0.04266 0.04266
0.1149 0.1149 0.24447 0 0.04266 0.04266
0.1149 0.1149 0.24447 0 0.042661 0.042661
0.11599 0.11599 0.24452 0 0.042661 0.042661
0.11599 0.11599 0.24452 0 0.042674 0.042674
0.11722 0.11722 0.2446 0 0.042674 0.042674
0.11722 0.11722 0.2446 0 0.042675 0.042675
0.11732 0.11732 0.24462 0 0.042675 0.042675
0.11732 0.11732 0.24462 0 0.042678 0.042678
0.11774 0.11774 0.24518 0 0.042678 0.042678
0.11774 0.11774 0.24518 0 0.042684 0.042684
0.11831 0.11831 0.24522 0 0.042684 0.042684
0.11831 0.11831 0.24522 0 0.042686 0.042686
0.1204 0.1204 0.24588 0 0.042686 0.042686
0.1204 0.1204 0.24588 0 0.042746 0.042746
0.12072 0.12072 0.24591 0 0.042746 0.042746
0.12072 0.12072 0.24591 0 0.042792 0.042792
0.12213 0.12213 0.24647 0 0.042792 0.042792
0.12213 0.12213 0.24647 0 0.042794 0.042794
0.12214 0.12214 0.24667 0 0.042794 0.042794
0.12214 0.12214 0.24667 0 0.042803 0.042803
0.12311 0.12311 0.24695 0 0.042803 0.042803
0.12311 0.12311 0.24695 0 0.042806 0.042806
0.12471 0.12471 0.24774 0 0.042806 0.042806
0.12471 0.12471 0.24774 0 0.042858 0.042858
0.1251 0.1251 0.2492 0 0.042858 0.042858
0.1251 0.1251 0.2492 0 0.04286 0.04286
0.1278 0.1278 0.24945 0 0.04286 0.04286
0.1278 0.1278 0.24954 0 0.042864 0.042864
0.12883 0.12883 0.24954 0 0.042864 0.042864
0.12883 0.12883 0.24981 0 0.042871 0.042871
0.12891 0.12891 0.24981 0 0.042871 0.042871
0.12891 0.12891 0.25025 0 0.042894 0.042894
0.1299 0.1299 0.25025 0 0.042942 0.042942
0.1299 0.1299 0.25041 0 0.042942 0.042942
0.13068 0.13068 0.25041 0 0.042982 0.042982
0.13068 0.13068 0.25045 0 0.042982 0.042982
0.13136 0.13136 0.25045 0 0.042982 0.042982
0.13201 0.13201 0.25046 0 0.042982 0.042982
0.13201 0.13201 0.25046 0 0.042992 0.042992
0.13214 0.13214 0.25049 0 0.042992 0.042992
0.13263 0.13263 0.25049 0 0.043007 0.043007
0.13263 0.13263 0.25067 0 0.043007 0.043007
0.13463 0.13463 0.25067 0 0.043022 0.043022
0.13463 0.13463 0.25068 0 0.043022 0.043022
0.13475 0.13475 0.25068 0 0.04303 0.04303
0.13475 0.13475 0.2507 0 0.04303 0.04303
0.13599 0.13599 0.2507 0 0.043053 0.043053
0.13599 0.13599 0.25092 0 0.043053 0.043053
0.13735 0.13735 0.25092 0 0.043056 0.043056
0.13735 0.13735 0.25121 0 0.043056 0.043056
0.13768 0.13768 0.25121 0 0.043057 0.043057
0.13768 0.13768 0.25123 0 0.043057 0.043057
0.13878 0.13878 0.25123 0 0.043068 0.043068
0.13878 0.13878 0.25206 0 0.043068 0.043068
0.14025 0.14025 0.25206 0 0.043136 0.043136
0.14025 0.14025 0.25213 0 0.043136 0.043136
0.14089 0.14089 0.25213 0 0.04316 0.04316
0.14089 0.14089 0.25341 0 0.04316 0.04316
0.14152 0.14152 0.25341 0 0.043169 0.043169
0.14152 0.14152 0.25346 0 0.043169 0.043169
0.1427 0.1427 0.25346 0 0.043177 0.043177
0.1427 0.1427 0.25405 0 0.043177 0.043177
0.1446 0.1446 0.25405 0 0.0432 0.0432
0.1446 0.1446 0.25472 0 0.0432 0.0432
0.14567 0.14567 0.25472 0 0.043218 0.043218
0.14567 0.14567 0.25531 0 0.04324 0.04324
0.14641 0.14641 0.25531 0 0.04324 0.04324
0.14641 0.14641 0.25566 0 0.043257 0.043257
0.15051 0.15051 0.25566 0 0.043257 0.043257
0.15051 0.15051 0.25624 0 0.043292 0.043292
0.15078 0.15078 0.25624 0 0.043292 0.043292
0.15078 0.15078 0.25692 0 0.043297 0.043297
0.15081 0.15081 0.25692 0 0.043297 0.043297
0.15081 0.15081 0.25713 0 0.043313 0.043313
0.15169 0.15169 0.25713 0 0.043313 0.043313
0.15169 0.15169 0.25763 0 0.043354 0.043354
0.15247 0.15247 0.25763 0 0.043354 0.043354
0.15495 0.15495 0.25777 0 0.043372 0.043372
0.15552 0.15552 0.25777 0 0.043372 0.043372
0.15552 0.15552 0.25782 0 0.043401 0.043401
0.15671 0.15671 0.25782 0 0.043401 0.043401
0.15671 0.15671 0.25849 0 0.043463 0.043463
0.15723 0.15723 0.25849 0 0.043463 0.043463
0.15723 0.15723 0.25979 0 0.043465 0.043465
0.15842 0.15842 0.26011 0 0.043465 0.043465
0.15842 0.15842 0.26011 0 0.043483 0.043483
0.15844 0.15844 0.26028 0 0.043483 0.043483
0.15844 0.15844 0.26094 0 0.043488 0.043488
0.15859 0.15859 0.26094 0 0.043488 0.043488
0.15859 0.15859 0.26112 0 0.043489 0.043489
0.15892 0.15892 0.26112 0 0.043489 0.043489
0.15892 0.15892 0.26188 0 0.043496 0.043496
0.1591 0.1591 0.26188 0 0.043496 0.043496
0.1591 0.1591 0.26199 0 0.043519 0.043519
0.15924 0.15924 0.26199 0 0.043538 0.043538
0.15924 0.15924 0.26246 0 0.043538 0.043538
0.15965 0.15965 0.26246 0 0.043562 0.043562
0.15965 0.15965 0.26283 0 0.043562 0.043562
0.15981 0.15981 0.26283 0 0.043574 0.043574
0.15981 0.15981 0.26427 0 0.043574 0.043574
0.16048 0.16048 0.26475 0 0.043593 0.043593
0.16048 0.16048 0.26475 0 0.043638 0.043638
0.16098 0.16098 0.26478 0 0.043638 0.043638
0.16098 0.16098 0.26478 0 0.043665 0.043665
0.16232 0.16232 0.26496 0 0.043665 0.043665
0.16232 0.16232 0.26496 0 0.043677 0.043677
0.16261 0.16261 0.26549 0 0.043677 0.043677
0.16261 0.16261 0.26549 0 0.043784 0.043784
0.16299 0.16299 0.26559 0 0.043784 0.043784
0.16299 0.16299 0.26559 0 0.043788 0.043788
0.16307 0.16307 0.26606 0 0.043788 0.043788
0.16307 0.16307 0.26606 0 0.043843 0.043843
0.16371 0.16371 0.2667 0 0.043843 0.043843
0.16371 0.16371 0.2667 0 0.043847 0.043847
0.16388 0.16388 0.26709 0 0.043847 0.043847
0.16388 0.16388 0.26709 0 0.043855 0.043855
0.16394 0.16394 0.26762 0 0.043866 0.043866
0.16394 0.16394 0.26762 0 0.043866 0.043866
0.16428 0.16428 0.2693 0 0.043876 0.043876
0.16428 0.16428 0.2693 0 0.043876 0.043876
0.16493 0.16493 0.26994 0 0.043892 0.043892
0.16493 0.16493 0.26994 0 0.043892 0.043892
0.16507 0.16507 0.27009 0 0.0439 0.0439
0.16507 0.16507 0.27009 0 0.0439 0.0439
0.16522 0.16522 0.27203 0 0.043933 0.043933
0.16522 0.16522 0.27203 0 0.043933 0.043933
0.16543 0.16543 0.2723 0 0.043998 0.043998
0.16543 0.16543 0.2723 0 0.043998 0.043998
0.16562 0.16562 0.27294 0 0.044023 0.044023
0.16562 0.16562 0.27294 0 0.044023 0.044023
0.16594 0.16594 0.27308 0 0.044097 0.044097
0.16594 0.16594 0.27308 0 0.044097 0.044097
0.16631 0.16631 0.2734 0 0.044127 0.044127
0.16631 0.16631 0.2734 0 0.044127 0.044127
0.16737 0.16737 0.27588 0 0.044157 0.044157
0.16737 0.16737 0.27598 0 0.044157 0.044157
0.16737 0.16737 0.27598 0 0.044218 0.044218
0.16737 0.16737 0.27648 0 0.044218 0.044218
0.16774 0.16774 0.27648 0 0.04422 0.04422
0.16774 0.16774 0.27654 0 0.04422 0.04422
0.16867 0.16867 0.27654 0 0.044242 0.044242
0.16867 0.16867 0.27674 0 0.044242 0.044242
0.1693 0.1693 0.27674 0 0.044244 0.044244
0.1693 0.1693 0.27679 0 0.044266 0.044266
0.1703 0.1703 0.27679 0 0.044266 0.044266
0.17053 0.17053 0.27697 0 0.044313 0.044313
0.17053 0.17053 0.27697 0 0.044313 0.044313
0.17148 0.17148 0.27747 0 0.04438 0.04438
0.17148 0.17148 0.27747 0 0.04438 0.04438
0.1717 0.1717 0.2777 0 0.044417 0.044417
0.1717 0.1717 0.2777 0 0.044417 0.044417
0.17182 0.17182 0.27828 0 0.044433 0.044433
0.17182 0.17182 0.27828 0 0.044433 0.044433
0.17319 0.17319 0.27841 0 0.044565 0.044565
0.17319 0.17319 0.27841 0 0.044565 0.044565
0.17321 0.17321 0.27868 0 0.044575 0.044575
0.17321 0.17321 0.27868 0 0.044575 0.044575
0.17504 0.17504 0.2793 0 0.044615 0.044615
0.17506 0.17506 0.2793 0 0.044615 0.044615
0.17506 0.17506 0.27939 0 0.044648 0.044648
0.176 0.176 0.27939 0 0.044648 0.044648
0.176 0.176 0.27948 0 0.04465 0.04465
0.1772 0.1772 0.27948 0 0.04465 0.04465
0.1772 0.1772 0.27982 0 0.044651 0.044651
0.17914 0.17914 0.27982 0 0.044651 0.044651
0.17914 0.17914 0.27996 0 0.044673 0.044673
0.18224 0.18224 0.27996 0 0.044673 0.044673
0.18224 0.18224 0.28021 0 0.044681 0.044681
0.18302 0.18302 0.28021 0 0.044786 0.044786
0.18319 0.18319 0.28048 0 0.044786 0.044786
0.18319 0.18319 0.28048 0 0.04479 0.04479
0.18395 0.18395 0.28056 0 0.04479 0.04479
0.18395 0.18395 0.28056 0 0.044881 0.044881
0.18423 0.18423 0.28106 0 0.044881 0.044881
0.18423 0.18423 0.28106 0 0.044904 0.044904
0.18638 0.18638 0.28166 0 0.044904 0.044904
0.18638 0.18638 0.28233 0 0.044933 0.044933
0.18654 0.18654 0.28233 0 0.044933 0.044933
0.18654 0.18654 0.28244 0 0.045016 0.045016
0.18678 0.18678 0.28244 0 0.045016 0.045016
0.18678 0.18678 0.2831 0 0.045022 0.045022
0.18703 0.18703 0.2831 0 0.045022 0.045022
0.18703 0.18703 0.28315 0 0.045028 0.045028
0.18838 0.18838 0.28315 0 0.045028 0.045028
0.18838 0.18838 0.28358 0 0.045051 0.045051
0.18864 0.18864 0.28358 0 0.045051 0.045051
0.18864 0.18864 0.28473 0 0.045069 0.045069
0.18864 0.18864 0.28473 0 0.045069 0.045069
0.18864 0.18864 0.28573 0 0.045144 0.045144
0.1888 0.1888 0.28587 0 0.045234 0.045234
0.1888 0.1888 0.28587 0 0.045234 0.045234
0.18931 0.18931 0.2862 0 0.045267 0.045267
0.18931 0.18931 0.2862 0 0.045267 0.045267
0.18946 0.18946 0.28722 0 0.045342 0.045342
0.18946 0.18946 0.2873 0 0.045342 0.045342
0.19024 0.19024 0.2873 0 0.045381 0.045381
0.19024 0.19024 0.28742 0 0.045381 0.045381
0.19052 0.19052 0.28742 0 0.045432 0.045432
0.19052 0.19052 0.2886 0 0.045432 0.045432
0.19145 0.19145 0.2886 0 0.045456 0.045456
0.19145 0.19145 0.28932 0 0.045456 0.045456
0.19156 0.19156 0.28932 0 0.045468 0.045468
0.19156 0.19156 0.29044 0 0.045468 0.045468
0.1929 0.1929 0.29044 0 0.045553 0.045553
0.1929 0.1929 0.2911 0 0.045553 0.045553
0.19322 0.19322 0.2911 0 0.045607 0.045607
0.19322 0.19322 0.29141 0 0.045727 0.045727
0.19432 0.19432 0.29141 0 0.045727 0.045727
0.19432 0.19432 0.29166 0 0.045788 0.045788
0.19439 0.19439 0.29166 0 0.045788 0.045788
0.19439 0.19439 0.29246 0 0.045826 0.045826
0.19447 0.19447 0.29246 0 0.045826 0.045826
0.19447 0.19447 0.29256 0 0.045835 0.045835
0.19474 0.19474 0.29256 0 0.045835 0.045835
0.19474 0.19474 0.29261 0 0.045864 0.045864
0.19478 0.19478 0.29261 0 0.045864 0.045864
0.19478 0.19478 0.2928 0 0.045891 0.045891
0.19513 0.19513 0.2928 0 0.045891 0.045891
0.19513 0.19513 0.29305 0 0.045949 0.045949
0.1952 0.1952 0.29305 0 0.045949 0.045949
0.1952 0.1952 0.29363 0 0.046042 0.046042
0.19545 0.19545 0.29363 0 0.04615 0.04615
0.19545 0.19545 0.29383 0 0.04615 0.04615
0.1956 0.1956 0.29383 0 0.046191 0.046191
0.19663 0.19663 0.294 0 0.046191 0.046191
0.19663 0.19663 0.294 0 0.046215 0.046215
0.19719 0.19719 0.29415 0 0.046215 0.046215
0.19719 0.19719 0.29415 0 0.046218 0.046218
0.19828 0.19828 0.29426 0 0.046218 0.046218
0.19828 0.19828 0.29426 0 0.046245 0.046245
0.1983 0.1983 0.29499 0 0.046245 0.046245
0.1983 0.1983 0.29499 0 0.04641 0.04641
0.19833 0.19833 0.29595 0 0.04642 0.04642
0.19833 0.19833 0.29595 0 0.046513 0.046513
0.19837 0.19837 0.29626 0 0.046513 0.046513
0.19837 0.19837 0.29662 0 0.046526 0.046526
0.1993 0.1993 0.29662 0 0.046526 0.046526
0.1993 0.1993 0.29725 0 0.046552 0.046552
0.2001 0.2001 0.29725 0 0.046552 0.046552
0.20074 0.20074 0.29749 0 0.046602 0.046602
0.20074 0.20074 0.29749 0 0.046602 0.046602
0.2008 0.2008 0.29768 0 0.046634 0.046634
0.2008 0.2008 0.29768 0 0.046634 0.046634
0.20136 0.20136 0.2985 0 0.04672 0.04672
0.20136 0.20136 0.2985 0 0.046784 0.046784
0.20228 0.20228 0.2987 0 0.046784 0.046784
0.20228 0.20228 0.2987 0 0.046822 0.046822
0.20328 0.20328 0.2988 0 0.046822 0.046822
0.20328 0.20328 0.2988 0 0.046933 0.046933
0.20405 0.20405 0.29944 0 0.046933 0.046933
0.20405 0.20405 0.29969 0 0.046934 0.046934
0.20416 0.20416 0.29969 0 0.047005 0.047005
0.20416 0.20416 0.29972 0 0.047005 0.047005
0.2044 0.2044 0.29972 0 0.047105 0.047105
0.2044 0.2044 0.29986 0 0.047105 0.047105
0.20466 0.20466 0.29986 0 0.047106 0.047106
0.20466 0.20466 0.29994 0 0.047188 0.047188
0.20498 0.20498 0.29994 0 0.047188 0.047188
0.20498 0.20498 0.29997 0 0.047317 0.047317
0.20638 0.20638 0.29997 0 0.047317 0.047317
0.20638 0.20638 0.3004 0 0.047324 0.047324
0.20681 0.20681 0.3004 0 0.047324 0.047324
0.20681 0.20681 0.30044 0 0.047363 0.047363
0.20693 0.20693 0.30044 0 0.047478 0.047478
0.20693 0.20693 0.30054 0 0.048131 0.048131
0.20711 0.20711 0.30054 0 0.048131 0.048131
0.20711 0.20711 0.30065 0 0.048748 0.048748
0.2076 0.2076 0.30065 0 0.048748 0.048748
0.2076 0.2076 0.30096 0 0.048965 0.048965
0.2078 0.2078 0.30096 0 0.048965 0.048965
0.2078 0.2078 0.30139 0 0.049009 0.049009
0.20826 0.20826 0.30139 0 0.049009 0.049009
0.20826 0.20826 0.30156 0 0.049378 0.049378
0.20841 0.20841 0.30156 0 0.049378 0.049378
0.20841 0.20841 0.30161 0 0.049452 0.049452
0.20917 0.20917 0.30161 0 0.049452 0.049452
0.20919 0.20919 0.30252 0 0.050177 0.050177
0.20919 0.20919 0.30252 0 0.050177 0.050177
0.20942 0.20942 0.30308 0 0.050521 0.050521
0.20942 0.20942 0.30308 0 0.050521 0.050521
0.20957 0.20957 0.30312 0 0.052147 0.052147
0.20957 0.20957 0.30312 0 0.05251 0.05251
0.20961 0.20961 0.30362 0 0.05251 0.05251
0.20961 0.20961 0.30362 0 0.052515 0.052515
0.21117 0.21117 0.30495 0 0.052515 0.052515
0.21117 0.21117 0.30495 0 0.053512 0.053512
0.21126 0.21126 0.30503 0 0.053512 0.053512
0.21126 0.21126 0.30503 0 0.054043 0.054043
0.2116 0.2116 0.30516 0 0.054043 0.054043
0.2116 0.2116 0.30516 0 0.054044 0.054044
0.21314 0.21314 0.30517 0 0.054044 0.054044
0.21314 0.21314 0.30517 0 0.054218 0.054218
0.21325 0.21325 0.30567 0 0.054218 0.054218
0.21325 0.21325 0.30615 0 0.054253 0.054253
0.21342 0.21342 0.30615 0 0.054253 0.054253
0.21342 0.21342 0.30668 0 0.054274 0.054274
0.21355 0.21355 0.30668 0 0.054274 0.054274
0.21355 0.21355 0.30706 0 0.05429 0.05429
0.21417 0.21417 0.30706 0 0.05429 0.05429
0.21417 0.21417 0.30786 0 0.054323 0.054323
0.21544 0.21544 0.30786 0 0.054323 0.054323
0.21544 0.21544 0.30916 0 0.05442 0.05442
0.2162 0.2162 0.30916 0 0.05442 0.05442
0.2162 0.2162 0.30919 0 0.054485 0.054485
0.21693 0.21693 0.30919 0 0.054485 0.054485
0.21693 0.21693 0.30933 0 0.05451 0.05451
0.21939 0.21939 0.30933 0 0.05451 0.05451
0.21939 0.21939 0.30958 0 0.05455 0.05455
0.21946 0.21946 0.30958 0 0.05455 0.05455
0.21946 0.21946 0.30989 0 0.054692 0.054692
0.21971 0.21971 0.30989 0 0.054692 0.054692
0.21971 0.21971 0.31017 0 0.054697 0.054697
0.21985 0.21985 0.31017 0 0.054697 0.054697
0.21985 0.21985 0.31122 0 0.054727 0.054727
0.22 0.22 0.31122 0 0.054727 0.054727
0.22 0.22 0.31125 0 0.054787 0.054787
0.22052 0.22052 0.31125 0 0.054787 0.054787
0.22052 0.22052 0.31208 0 0.054809 0.054809
0.22055 0.22055 0.31208 0 0.054809 0.054809
0.22055 0.22055 0.31273 0 0.054913 0.054913
0.22063 0.22063 0.31273 0 0.054913 0.054913
0.22115 0.22115 0.31313 0 0.054929 0.054929
0.22115 0.22115 0.31326 0 0.054929 0.054929
0.22289 0.22289 0.31326 0 0.05505 0.05505
0.22289 0.22289 0.31421 0 0.05505 0.05505
0.22407 0.22407 0.31421 0 0.055079 0.055079
0.22407 0.22407 0.31451 0 0.055079 0.055079
0.22427 0.22427 0.31451 0 0.05519 0.05519
0.22509 0.22509 0.31459 0 0.05519 0.05519
0.22509 0.22509 0.31496 0 0.055192 0.055192
0.22596 0.22596 0.31496 0 0.055192 0.055192
0.22596 0.22596 0.31511 0 0.055262 0.055262
0.22621 0.22621 0.31511 0 0.055262 0.055262
0.22621 0.22621 0.31522 0 0.055381 0.055381
0.22668 0.22668 0.31522 0 0.055381 0.055381
0.22668 0.22668 0.31588 0 0.055408 0.055408
0.22762 0.22762 0.31588 0 0.055408 0.055408
0.22762 0.22762 0.31595 0 0.055418 0.055418
0.22812 0.22812 0.31595 0 0.055418 0.055418
0.22897 0.22897 0.31609 0 0.055446 0.055446
0.22897 0.22897 0.31609 0 0.055446 0.055446
0.2294 0.2294 0.31661 0 0.055464 0.055464
0.2294 0.2294 0.31661 0 0.055464 0.055464
0.22946 0.22946 0.31667 0 0.055474 0.055474
0.22946 0.22946 0.31667 0 0.055474 0.055474
0.231 0.231 0.31674 0 0.055572 0.055572
0.231 0.231 0.31674 0 0.055572 0.055572
0.23168 0.23168 0.31706 0 0.055602 0.055602
0.23168 0.23168 0.31706 0 0.05568 0.05568
0.23182 0.23182 0.31827 0 0.05568 0.05568
0.23182 0.23182 0.31827 0 0.055691 0.055691
0.23276 0.23276 0.31859 0 0.055691 0.055691
0.23276 0.23276 0.31859 0 0.055692 0.055692
0.23363 0.23363 0.31907 0 0.055692 0.055692
0.23363 0.23363 0.31907 0 0.055716 0.055716
0.23364 0.23364 0.31972 0 0.055716 0.055716
0.23364 0.23364 0.31972 0 0.055723 0.055723
0.23442 0.23442 0.31977 0 0.055723 0.055723
0.23442 0.23442 0.31977 0 0.055781 0.055781
0.23608 0.23608 0.32027 0 0.055781 0.055781
0.23608 0.23608 0.32027 0 0.055871 0.055871
0.23611 0.23611 0.32141 0 0.055871 0.055871
0.23611 0.23611 0.32141 0 0.05588 0.05588
0.23667 0.23667 0.32219 0 0.05588 0.05588
0.23667 0.23667 0.32219 0 0.055897 0.055897
0.23727 0.23727 0.32248 0 0.055897 0.055897
0.23727 0.23727 0.32248 0 0.055983 0.055983
0.2379 0.2379 0.32441 0 0.055983 0.055983
0.2379 0.2379 0.32441 0 0.056017 0.056017
0.23829 0.23829 0.32456 0 0.056017 0.056017
0.23829 0.23829 0.32456 0 0.05603 0.05603
0.23848 0.23848 0.32537 0 0.05603 0.05603
0.23848 0.23848 0.32537 0 0.056148 0.056148
0.23892 0.23892 0.32551 0 0.056148 0.056148
0.23892 0.23892 0.32551 0 0.056158 0.056158
0.24077 0.24077 0.32587 0 0.056158 0.056158
0.24077 0.24077 0.32587 0 0.05616 0.05616
0.24123 0.24123 0.32622 0 0.05616 0.05616
0.24219 0.24219 0.32622 0 0.056166 0.056166
0.24219 0.24219 0.32625 0 0.056166 0.056166
0.24294 0.24294 0.32625 0 0.0562 0.0562
0.24294 0.24294 0.32646 0 0.0562 0.0562
0.2436 0.2436 0.32646 0 0.056271 0.056271
0.2436 0.2436 0.327 0 0.056271 0.056271
0.24366 0.24366 0.327 0 0.056276 0.056276
0.24366 0.24366 0.32789 0 0.056276 0.056276
0.24389 0.24389 0.32789 0 0.056374 0.056374
0.24389 0.24389 0.3286 0 0.056374 0.056374
0.244 0.244 0.3286 0 0.056428 0.056428
0.244 0.244 0.32861 0 0.056428 0.056428
0.24417 0.24417 0.32861 0 0.056437 0.056437
0.24417 0.24417 0.32868 0 0.056437 0.056437
0.24447 0.24447 0.32886 0 0.056469 0.056469
0.24447 0.24447 0.32899 0 0.056469 0.056469
0.24452 0.24452 0.32899 0 0.056484 0.056484
0.24452 0.24452 0.32919 0 0.056484 0.056484
0.2446 0.2446 0.32919 0 0.056486 0.056486
0.2446 0.2446 0.32989 0 0.056486 0.056486
0.24462 0.24462 0.32989 0 0.056513 0.056513
0.24462 0.24462 0.33066 0 0.056513 0.056513
0.24518 0.24518 0.33066 0 0.05654 0.05654
0.24518 0.24518 0.33072 0 0.05654 0.05654
0.24588 0.24588 0.33072 0 0.05654 0.05654
0.24588 0.24588 0.33097 0 0.05654 0.05654
0.24591 0.24591 0.33097 0 0.056578 0.056578
0.24591 0.24591 0.331 0 0.056578 0.056578
0.24647 0.24647 0.331 0 0.056614 0.056614
0.24647 0.24647 0.33184 0 0.056614 0.056614
0.24667 0.24667 0.33184 0 0.056698 0.056698
0.24667 0.24667 0.3327 0 0.056698 0.056698
0.24774 0.24774 0.33309 0 0.056708 0.056708
0.24774 0.24774 0.3333 0 0.056708 0.056708
0.24945 0.24945 0.3333 0 0.056721 0.056721
0.24954 0.24954 0.33352 0 0.056721 0.056721
0.24954 0.24954 0.33352 0 0.05678 0.05678
0.24981 0.24981 0.33417 0 0.05678 0.05678
0.24981 0.24981 0.33417 0 0.056789 0.056789
0.25025 0.25025 0.3344 0 0.056789 0.056789
0.25025 0.25025 0.3344 0 0.056831 0.056831
0.25041 0.25041 0.33442 0 0.056831 0.056831
0.25041 0.25041 0.33442 0 0.056839 0.056839
0.25045 0.25045 0.33461 0 0.056839 0.056839
0.25045 0.25045 0.33461 0 0.056848 0.056848
0.25046 0.25046 0.33469 0 0.056848 0.056848
0.25046 0.25046 0.33469 0 0.056887 0.056887
0.25049 0.25049 0.3348 0 0.056887 0.056887
0.25049 0.25049 0.3348 0 0.056889 0.056889
0.25067 0.25067 0.33504 0 0.056889 0.056889
0.25067 0.25067 0.33504 0 0.056918 0.056918
0.25068 0.25068 0.33524 0 0.056932 0.056932
0.25068 0.25068 0.33524 0 0.056932 0.056932
0.2507 0.2507 0.33558 0 0.056939 0.056939
0.2507 0.2507 0.33558 0 0.056939 0.056939
0.25092 0.25092 0.33566 0 0.056947 0.056947
0.25092 0.25092 0.33566 0 0.056947 0.056947
0.25121 0.25121 0.33597 0 0.056959 0.056959
0.25121 0.25121 0.33597 0 0.056959 0.056959
0.25123 0.25123 0.33597 0 0.056965 0.056965
0.25123 0.25123 0.33597 0 0.056965 0.056965
0.25213 0.25213 0.33629 0 0.057003 0.057003
0.25213 0.25213 0.33629 0 0.057003 0.057003
0.25341 0.25341 0.33653 0 0.057013 0.057013
0.25341 0.25341 0.33653 0 0.057013 0.057013
0.25346 0.25346 0.33655 0 0.057015 0.057015
0.25346 0.25346 0.33655 0 0.057015 0.057015
0.25405 0.25405 0.33676 0 0.057021 0.057021
0.25405 0.25405 0.33676 0 0.057021 0.057021
0.25472 0.25472 0.33684 0 0.057038 0.057038
0.25472 0.25472 0.33684 0 0.057038 0.057038
0.25531 0.25531 0.33763 0 0.057064 0.057064
0.25531 0.25531 0.33763 0 0.057064 0.057064
0.25624 0.25624 0.33779 0 0.057068 0.057068
0.25624 0.25624 0.33779 0 0.057068 0.057068
0.25692 0.25692 0.33812 0 0.057086 0.057086
0.25692 0.25692 0.33812 0 0.057086 0.057086
0.25713 0.25713 0.33831 0 0.057113 0.057113
0.25713 0.25713 0.33831 0 0.057113 0.057113
0.25763 0.25763 0.33878 0 0.057166 0.057166
0.25763 0.25763 0.33878 0 0.057166 0.057166
0.25777 0.25777 0.33942 0 0.057177 0.057177
0.25777 0.25777 0.33991 0 0.057177 0.057177
0.25782 0.25782 0.33994 0 0.057177 0.057177
0.25782 0.25782 0.33994 0 0.057177 0.057177
0.25849 0.25849 0.34002 0 0.057201 0.057201
0.25849 0.25849 0.34002 0 0.057201 0.057201
0.25979 0.25979 0.34009 0 0.057207 0.057207
0.26028 0.26028 0.34009 0 0.057207 0.057207
0.26094 0.26094 0.34046 0 0.057243 0.057243
0.26094 0.26094 0.34046 0 0.057243 0.057243
0.26112 0.26112 0.34099 0 0.05729 0.05729
0.26112 0.26112 0.34099 0 0.05729 0.05729
0.26188 0.26188 0.34139 0 0.057312 0.057312
0.26188 0.26188 0.34139 0 0.057312 0.057312
0.26199 0.26199 0.34142 0 0.057324 0.057324
0.26199 0.26199 0.34142 0 0.057324 0.057324
0.26246 0.26246 0.34162 0 0.057324 0.057324
0.26246 0.26246 0.34162 0 0.057324 0.057324
0.26283 0.26283 0.34168 0 0.057349 0.057349
0.26283 0.26283 0.34168 0 0.057349 0.057349
0.26427 0.26427 0.34184 0 0.057379 0.057379
0.26475 0.26475 0.34184 0 0.057379 0.057379
0.26475 0.26475 0.34213 0 0.057384 0.057384
0.26478 0.26478 0.34213 0 0.057396 0.057396
0.26478 0.26478 0.34218 0 0.057396 0.057396
0.26496 0.26496 0.34218 0 0.057435 0.057435
0.26496 0.26496 0.34224 0 0.057435 0.057435
0.26549 0.26549 0.34224 0 0.05745 0.05745
0.26549 0.26549 0.34284 0 0.05745 0.05745
0.26606 0.26606 0.34284 0 0.057472 0.057472
0.26606 0.26606 0.34295 0 0.057472 0.057472
0.2667 0.2667 0.34295 0 0.057482 0.057482
0.2667 0.2667 0.34308 0 0.057482 0.057482
0.26709 0.26709 0.34308 0 0.0575 0.0575
0.26709 0.26709 0.34313 0 0.0575 0.0575
0.26762 0.26762 0.34313 0 0.057517 0.057517
0.26762 0.26762 0.34357 0 0.057517 0.057517
0.2693 0.2693 0.34357 0 0.057553 0.057553
0.2693 0.2693 0.34373 0 0.057571 0.057571
0.26994 0.26994 0.34373 0 0.057571 0.057571
0.26994 0.26994 0.34422 0 0.057583 0.057583
0.27009 0.27009 0.34422 0 0.0576 0.0576
0.27009 0.27009 0.34454 0 0.0576 0.0576
0.27203 0.27203 0.34454 0 0.057654 0.057654
0.27203 0.27203 0.34463 0 0.057654 0.057654
0.27294 0.27294 0.34463 0 0.057669 0.057669
0.27294 0.27294 0.3452 0 0.057669 0.057669
0.27308 0.27308 0.3452 0 0.057676 0.057676
0.27308 0.27308 0.34577 0 0.057676 0.057676
0.2734 0.2734 0.34577 0 0.057696 0.057696
0.2734 0.2734 0.34642 0 0.057696 0.057696
0.27588 0.27588 0.34648 0 0.057705 0.057705
0.27598 0.27598 0.34648 0 0.057705 0.057705
0.27598 0.27598 0.34669 0 0.057739 0.057739
0.27648 0.27648 0.34669 0 0.057739 0.057739
0.27648 0.27648 0.34699 0 0.057764 0.057764
0.27654 0.27654 0.34699 0 0.057764 0.057764
0.27654 0.27654 0.347 0 0.057784 0.057784
0.27674 0.27674 0.347 0 0.057902 0.057902
0.27674 0.27674 0.34901 0 0.057902 0.057902
0.27679 0.27679 0.34901 0 0.05793 0.05793
0.27679 0.27679 0.34989 0 0.05793 0.05793
0.27697 0.27697 0.34989 0 0.057998 0.057998
0.27697 0.27697 0.35021 0 0.057998 0.057998
0.27747 0.27747 0.35021 0 0.05801 0.05801
0.27747 0.27747 0.35053 0 0.05801 0.05801
0.2777 0.2777 0.35053 0 0.058036 0.058036
0.2777 0.2777 0.35058 0 0.058036 0.058036
0.27828 0.27828 0.3512 0 0.058061 0.058061
0.27828 0.27828 0.3512 0 0.058061 0.058061
0.27841 0.27841 0.35218 0 0.058077 0.058077
0.27841 0.27841 0.35218 0 0.058077 0.058077
0.27868 0.27868 0.35308 0 0.058109 0.058109
0.27868 0.27868 0.35308 0 0.058258 0.058258
0.2793 0.2793 0.35323 0 0.058258 0.058258
0.2793 0.2793 0.35323 0 0.0583 0.0583
0.27939 0.27939 0.3545 0 0.0583 0.0583
0.27939 0.27939 0.3545 0 0.058363 0.058363
0.27948 0.27948 0.35459 0 0.058363 0.058363
0.27948 0.27948 0.35459 0 0.058419 0.058419
0.27982 0.27982 0.35474 0 0.058419 0.058419
0.27982 0.27982 0.35474 0 0.058453 0.058453
0.27996 0.27996 0.35537 0 0.058453 0.058453
0.27996 0.27996 0.35537 0 0.058463 0.058463
0.28021 0.28021 0.35558 0 0.058463 0.058463
0.28021 0.28021 0.35558 0 0.058511 0.058511
0.28056 0.28056 0.35601 0 0.058511 0.058511
0.28056 0.28056 0.35601 0 0.058578 0.058578
0.28106 0.28106 0.35615 0 0.058578 0.058578
0.28106 0.28106 0.35615 0 0.058595 0.058595
0.28166 0.28166 0.3566 0 0.058609 0.058609
0.28233 0.28233 0.3566 0 0.058609 0.058609
0.28233 0.28233 0.35687 0 0.058631 0.058631
0.28244 0.28244 0.35687 0 0.058631 0.058631
0.28244 0.28244 0.3571 0 0.05868 0.05868
0.2831 0.2831 0.3571 0 0.05868 0.05868
0.2831 0.2831 0.35758 0 0.058862 0.058862
0.28315 0.28315 0.35758 0 0.058862 0.058862
0.28315 0.28315 0.35811 0 0.059083 0.059083
0.28358 0.28358 0.35811 0 0.059083 0.059083
0.28358 0.28358 0.35853 0 0.059107 0.059107
0.28473 0.28473 0.35853 0 0.059107 0.059107
0.28473 0.28473 0.35895 0 0.059123 0.059123
0.28573 0.28573 0.35895 0 0.059123 0.059123
0.28587 0.28587 0.35905 0 0.05919 0.05919
0.28587 0.28587 0.35905 0 0.05919 0.05919
0.2862 0.2862 0.35976 0 0.059236 0.059236
0.2862 0.2862 0.35976 0 0.059236 0.059236
0.28722 0.28722 0.36049 0 0.059239 0.059239
0.2873 0.2873 0.36049 0 0.059278 0.059278
0.2873 0.2873 0.3607 0 0.059278 0.059278
0.28742 0.28742 0.3607 0 0.059284 0.059284
0.28742 0.28742 0.36116 0 0.059284 0.059284
0.2886 0.2886 0.36116 0 0.059305 0.059305
0.2886 0.2886 0.36138 0 0.059305 0.059305
0.28932 0.28932 0.36138 0 0.059395 0.059395
0.28932 0.28932 0.36169 0 0.059395 0.059395
0.2911 0.2911 0.36186 0 0.059568 0.059568
0.2911 0.2911 0.36186 0 0.059568 0.059568
0.29141 0.29141 0.36203 0 0.059828 0.059828
0.29141 0.29141 0.36288 0 0.059828 0.059828
0.29166 0.29166 0.36288 0 0.059849 0.059849
0.29166 0.29166 0.36318 0 0.059849 0.059849
0.29246 0.29246 0.36318 0 0.059976 0.059976
0.29246 0.29246 0.36322 0 0.059976 0.059976
0.29256 0.29256 0.36322 0 0.059995 0.059995
0.29256 0.29256 0.36332 0 0.059995 0.059995
0.29261 0.29261 0.36345 0 0.060009 0.060009
0.29261 0.29261 0.36345 0 0.060029 0.060029
0.2928 0.2928 0.36351 0 0.060029 0.060029
0.2928 0.2928 0.36351 0 0.060059 0.060059
0.29305 0.29305 0.36427 0 0.060059 0.060059
0.29305 0.29305 0.36427 0 0.060127 0.060127
0.29363 0.29363 0.36465 0 0.060127 0.060127
0.29363 0.29363 0.36465 0 0.060142 0.060142
0.29383 0.29383 0.36473 0 0.060142 0.060142
0.29383 0.29383 0.36473 0 0.060379 0.060379
0.294 0.294 0.36545 0 0.060379 0.060379
0.294 0.294 0.36545 0 0.060603 0.060603
0.29415 0.29415 0.36623 0 0.060603 0.060603
0.29415 0.29415 0.36623 0 0.060652 0.060652
0.29426 0.29426 0.36633 0 0.060652 0.060652
0.29426 0.29426 0.36633 0 0.06081 0.06081
0.29499 0.29499 0.36667 0 0.06081 0.06081
0.29499 0.29499 0.36706 0 0.060842 0.060842
0.29595 0.29595 0.36706 0 0.060842 0.060842
0.29595 0.29595 0.36707 0 0.060854 0.060854
0.29626 0.29626 0.36707 0 0.060854 0.060854
0.29662 0.29662 0.36795 0 0.06086 0.06086
0.29662 0.29662 0.36795 0 0.060908 0.060908
0.29725 0.29725 0.36838 0 0.060908 0.060908
0.29725 0.29725 0.36838 0 0.060978 0.060978
0.29749 0.29749 0.36953 0 0.060978 0.060978
0.29749 0.29749 0.36953 0 0.061243 0.061243
0.29768 0.29768 0.36956 0 0.061243 0.061243
0.29768 0.29768 0.36979 0 0.061394 0.061394
0.2985 0.2985 0.36979 0 0.061394 0.061394
0.2985 0.2985 0.36997 0 0.061504 0.061504
0.2987 0.2987 0.36997 0 0.061504 0.061504
0.2987 0.2987 0.37052 0 0.06159 0.06159
0.2988 0.2988 0.37052 0 0.06159 0.06159
0.2988 0.2988 0.37056 0 0.061635 0.061635
0.29944 0.29944 0.37056 0 0.061635 0.061635
0.29969 0.29969 0.37069 0 0.061677 0.061677
0.29969 0.29969 0.37069 0 0.061677 0.061677
0.29972 0.29972 0.37102 0 0.061678 0.061678
0.29972 0.29972 0.37102 0 0.061678 0.061678
0.29986 0.29986 0.37267 0 0.061739 0.061739
0.29986 0.29986 0.37267 0 0.06181 0.06181
0.29994 0.29994 0.37337 0 0.06181 0.06181
0.29994 0.29994 0.37337 0 0.062109 0.062109
0.29997 0.29997 0.37339 0 0.062109 0.062109
0.29997 0.29997 0.37339 0 0.06223 0.06223
0.3004 0.3004 0.37349 0 0.06223 0.06223
0.3004 0.3004 0.37349 0 0.062337 0.062337
0.30044 0.30044 0.37354 0 0.062337 0.062337
0.30044 0.30044 0.37354 0 0.062433 0.062433
0.30054 0.30054 0.37389 0 0.062433 0.062433
0.30054 0.30054 0.37389 0 0.062448 0.062448
0.30065 0.30065 0.3748 0 0.062448 0.062448
0.30065 0.30065 0.3748 0 0.062591 0.062591
0.30096 0.30096 0.37487 0 0.062591 0.062591
0.30096 0.30096 0.37488 0 0.062591 0.062591
0.30139 0.30139 0.37488 0 0.062925 0.062925
0.30139 0.30139 0.37496 0 0.062925 0.062925
0.30156 0.30156 0.37496 0 0.0631 0.0631
0.30156 0.30156 0.37513 0 0.0631 0.0631
0.30161 0.30161 0.37513 0 0.063102 0.063102
0.30161 0.30161 0.37514 0 0.063102 0.063102
0.30308 0.30308 0.37514 0 0.063119 0.063119
0.30308 0.30308 0.37526 0 0.063119 0.063119
0.30312 0.30312 0.37526 0 0.063149 0.063149
0.30312 0.30312 0.37533 0 0.063149 0.063149
0.30362 0.30362 0.37533 0 0.06329 0.06329
0.30362 0.30362 0.37579 0 0.06329 0.06329
0.30495 0.30495 0.37591 0 0.063321 0.063321
0.30495 0.30495 0.37591 0 0.063321 0.063321
0.30503 0.30503 0.37598 0 0.063367 0.063367
0.30503 0.30503 0.37598 0 0.063655 0.063655
0.30516 0.30516 0.37601 0 0.063655 0.063655
0.30516 0.30516 0.37601 0 0.063797 0.063797
0.30517 0.30517 0.37694 0 0.063797 0.063797
0.30517 0.30517 0.37694 0 0.063869 0.063869
0.30567 0.30567 0.37701 0 0.063869 0.063869
0.30615 0.30615 0.37701 0 0.063943 0.063943
0.30615 0.30615 0.37708 0 0.063943 0.063943
0.30668 0.30668 0.37708 0 0.063978 0.063978
0.30668 0.30668 0.37711 0 0.063978 0.063978
0.30706 0.30706 0.37711 0 0.064034 0.064034
0.30706 0.30706 0.37715 0 0.064299 0.064299
0.30786 0.30786 0.37715 0 0.064299 0.064299
0.30786 0.30786 0.37728 0 0.064312 0.064312
0.30916 0.30916 0.37728 0 0.064312 0.064312
0.30916 0.30916 0.37744 0 0.064337 0.064337
0.30919 0.30919 0.37744 0 0.064337 0.064337
0.30919 0.30919 0.37761 0 0.064593 0.064593
0.30933 0.30933 0.37761 0 0.064631 0.064631
0.30933 0.30933 0.37778 0 0.064631 0.064631
0.30958 0.30958 0.37778 0 0.064726 0.064726
0.30958 0.30958 0.37826 0 0.064726 0.064726
0.30989 0.30989 0.37826 0 0.064754 0.064754
0.30989 0.30989 0.37827 0 0.064754 0.064754
0.31017 0.31017 0.37827 0 0.064952 0.064952
0.31017 0.31017 0.37835 0 0.064952 0.064952
0.31122 0.31122 0.37835 0 0.065047 0.065047
0.31122 0.31122 0.37873 0 0.065047 0.065047
0.31125 0.31125 0.37873 0 0.065097 0.065097
0.31125 0.31125 0.37904 0 0.065136 0.065136
0.31208 0.31208 0.37904 0 0.065521 0.065521
0.31208 0.31208 0.37952 0 0.065521 0.065521
0.31273 0.31273 0.37952 0 0.065925 0.065925
0.31273 0.31273 0.37966 0 0.065925 0.065925
0.31313 0.31313 0.37966 0 0.066194 0.066194
0.31326 0.31326 0.37991 0 0.066194 0.066194
0.31326 0.31326 0.37991 0 0.066384 0.066384
0.31421 0.31421 0.3807 0 0.066384 0.066384
0.31421 0.31421 0.3807 0 0.066665 0.066665
0.31451 0.31451 0.38086 0 0.066665 0.066665
0.31451 0.31451 0.38086 0 0.066696 0.066696
0.31459 0.31459 0.38088 0 0.066696 0.066696
0.31496 0.31496 0.38088 0 0.067323 0.067323
0.31496 0.31496 0.38102 0 0.067323 0.067323
0.31511 0.31511 0.38102 0 0.068151 0.068151
0.31511 0.31511 0.38118 0 0.068151 0.068151
0.31522 0.31522 0.38118 0 0.068276 0.068276
0.31522 0.31522 0.38179 0 0.068276 0.068276
0.31588 0.31588 0.38179 0 0.069129 0.069129
0.31588 0.31588 0.38304 0 0.069129 0.069129
0.31595 0.31595 0.38304 0 0.069545 0.069545
0.31595 0.31595 0.38313 0 0.069787 0.069787
0.31609 0.31609 0.38313 0 0.069787 0.069787
0.31609 0.31609 0.38321 0 0.070201 0.070201
0.31661 0.31661 0.38321 0 0.070201 0.070201
0.31661 0.31661 0.38364 0 0.070235 0.070235
0.31667 0.31667 0.38364 0 0.070235 0.070235
0.31667 0.31667 0.38547 0 0.071445 0.071445
0.31674 0.31674 0.38547 0 0.071445 0.071445
0.31674 0.31674 0.38566 0 0.072382 0.072382
0.31827 0.31827 0.38566 0 0.072382 0.072382
0.31827 0.31827 0.38616 0 0.07273 0.07273
0.31859 0.31859 0.38616 0 0.07273 0.07273
0.31859 0.31859 0.38663 0 0.074062 0.074062
0.31907 0.31907 0.38702 0 0.074062 0.074062
0.31907 0.31907 0.38702 0 0.074646 0.074646
0.31972 0.31972 0.38706 0 0.074646 0.074646
0.31972 0.31972 0.38706 0 0.074709 0.074709
0.31977 0.31977 0.38734 0 0.074709 0.074709
0.31977 0.31977 0.38734 0 0.075413 0.075413
0.32027 0.32027 0.38757 0 0.075413 0.075413
0.32027 0.32027 0.38757 0 0.075568 0.075568
0.32141 0.32141 0.38766 0 0.076759 0.076759
0.32141 0.32141 0.38766 0 0.076759 0.076759
0.32219 0.32219 0.38769 0 0.076848 0.076848
0.32219 0.32219 0.38769 0 0.076848 0.076848
0.32248 0.32248 0.38827 0 0.077066 0.077066
0.32248 0.32248 0.38827 0 0.077066 0.077066
0.32441 0.32441 0.38838 0 0.077334 0.077334
0.32441 0.32441 0.38838 0 0.077334 0.077334
0.32456 0.32456 0.38876 0 0.078089 0.078089
0.32456 0.32456 0.38876 0 0.078089 0.078089
0.32537 0.32537 0.38886 0 0.078181 0.078181
0.32537 0.32537 0.38886 0 0.078181 0.078181
0.32551 0.32551 0.3893 0 0.078261 0.078261
0.32551 0.32551 0.3893 0 0.078261 0.078261
0.32587 0.32587 0.38948 0 0.078355 0.078355
0.32587 0.32587 0.38948 0 0.078355 0.078355
0.3286 0.3286 0.38954 0 0.078443 0.078443
0.3286 0.3286 0.38982 0 0.078443 0.078443
0.32861 0.32861 0.39071 0 0.078599 0.078599
0.32861 0.32861 0.39071 0 0.078599 0.078599
0.32868 0.32868 0.39091 0 0.078681 0.078681
0.32886 0.32886 0.39091 0 0.078681 0.078681
0.32899 0.32899 0.39116 0 0.078791 0.078791
0.32899 0.32899 0.39116 0 0.078791 0.078791
0.32989 0.32989 0.39237 0 0.078838 0.078838
0.32989 0.32989 0.39237 0 0.078838 0.078838
0.33066 0.33066 0.39242 0 0.079054 0.079054
0.33066 0.33066 0.39242 0 0.079054 0.079054
0.33072 0.33072 0.39262 0 0.079114 0.079114
0.33072 0.33072 0.39353 0 0.079114 0.079114
0.331 0.331 0.39353 0 0.079307 0.079307
0.331 0.331 0.39496 0 0.079307 0.079307
0.33184 0.33184 0.39496 0 0.079337 0.079337
0.33184 0.33184 0.39564 0 0.079337 0.079337
0.3327 0.3327 0.39564 0 0.079391 0.079391
0.33309 0.33309 0.39589 0 0.079391 0.079391
0.33352 0.33352 0.39589 0 0.079415 0.079415
0.33352 0.33352 0.39596 0 0.079415 0.079415
0.3344 0.3344 0.39596 0 0.079417 0.079417
0.3344 0.3344 0.39604 0 0.079417 0.079417
0.33442 0.33442 0.39604 0 0.079428 0.079428
0.33442 0.33442 0.39665 0 0.079428 0.079428
0.33461 0.33461 0.39665 0 0.079608 0.079608
0.33461 0.33461 0.39687 0 0.079608 0.079608
0.33469 0.33469 0.39687 0 0.079631 0.079631
0.33469 0.33469 0.39691 0 0.079631 0.079631
0.3348 0.3348 0.39691 0 0.079654 0.079654
0.3348 0.3348 0.397 0 0.079654 0.079654
0.33504 0.33504 0.39763 0 0.079702 0.079702
0.33504 0.33504 0.39763 0 0.079702 0.079702
0.33524 0.33524 0.39808 0 0.080081 0.080081
0.33524 0.33524 0.39838 0 0.080081 0.080081
0.33558 0.33558 0.39838 0 0.080116 0.080116
0.33558 0.33558 0.39839 0 0.080116 0.080116
0.33566 0.33566 0.39907 0 0.080192 0.080192
0.33566 0.33566 0.39907 0 0.080192 0.080192
0.33597 0.33597 0.39922 0 0.080203 0.080203
0.33597 0.33597 0.39922 0 0.080203 0.080203
0.33597 0.33597 0.40047 0 0.080271 0.080271
0.33597 0.33597 0.40047 0 0.080271 0.080271
0.33653 0.33653 0.40054 0 0.080303 0.080303
0.33653 0.33653 0.40054 0 0.080303 0.080303
0.33655 0.33655 0.40078 0 0.080322 0.080322
0.33655 0.33655 0.40078 0 0.080322 0.080322
0.33676 0.33676 0.40111 0 0.080339 0.080339
0.33676 0.33676 0.40111 0 0.080339 0.080339
0.33684 0.33684 0.4018 0 0.080521 0.080521
0.33684 0.33684 0.4018 0 0.080521 0.080521
0.33763 0.33763 0.40206 0 0.080641 0.080641
0.33763 0.33763 0.40206 0 0.080641 0.080641
0.33779 0.33779 0.40246 0 0.080659 0.080659
0.33779 0.33779 0.40246 0 0.080659 0.080659
0.33812 0.33812 0.40248 0 0.080677 0.080677
0.33812 0.33812 0.40248 0 0.080677 0.080677
0.33831 0.33831 0.40305 0 0.080784 0.080784
0.33831 0.33831 0.40305 0 0.080784 0.080784
0.33878 0.33878 0.4031 0 0.080813 0.080813
0.33878 0.33878 0.4031 0 0.080813 0.080813
0.33942 0.33942 0.40313 0 0.08097 0.08097
0.33991 0.33991 0.40313 0 0.08097 0.08097
0.33994 0.33994 0.40314 0 0.080989 0.080989
0.33994 0.33994 0.40314 0 0.080989 0.080989
0.34009 0.34009 0.40314 0 0.08108 0.08108
0.34009 0.34009 0.40314 0 0.08108 0.08108
0.34046 0.34046 0.40339 0 0.081104 0.081104
0.34046 0.34046 0.40339 0 0.081104 0.081104
0.34099 0.34099 0.40355 0 0.081106 0.081106
0.34099 0.34099 0.40355 0 0.081106 0.081106
0.34139 0.34139 0.4039 0 0.081141 0.081141
0.34139 0.34139 0.4039 0 0.081141 0.081141
0.34142 0.34142 0.40413 0 0.081161 0.081161
0.34142 0.34142 0.40413 0 0.081161 0.081161
0.34162 0.34162 0.40465 0 0.081184 0.081184
0.34162 0.34162 0.40465 0 0.081184 0.081184
0.34168 0.34168 0.40564 0 0.081252 0.081252
0.34168 0.34168 0.40564 0 0.081252 0.081252
0.34184 0.34184 0.40643 0 0.081303 0.081303
0.34184 0.34184 0.40646 0 0.081303 0.081303
0.34213 0.34213 0.40646 0 0.081409 0.081409
0.34213 0.34213 0.40683 0 0.081409 0.081409
0.34218 0.34218 0.40683 0 0.081417 0.081417
0.34218 0.34218 0.40718 0 0.081417 0.081417
0.34224 0.34224 0.40718 0 0.081488 0.081488
0.34224 0.34224 0.40749 0 0.081488 0.081488
0.34284 0.34284 0.40749 0 0.081654 0.081654
0.34284 0.34284 0.40807 0 0.081654 0.081654
0.34295 0.34295 0.40815 0 0.081675 0.081675
0.34295 0.34295 0.40815 0 0.081675 0.081675
0.34308 0.34308 0.40954 0 0.081759 0.081759
0.34308 0.34308 0.40954 0 0.081759 0.081759
0.34313 0.34313 0.40977 0 0.081911 0.081911
0.34313 0.34313 0.40977 0 0.081911 0.081911
0.34357 0.34357 0.41075 0 0.081911 0.081911
0.34357 0.34357 0.41075 0 0.081911 0.081911
0.34373 0.34373 0.41079 0 0.08198 0.08198
0.34373 0.34373 0.41079 0 0.08198 0.08198
0.34422 0.34422 0.41097 0 0.082004 0.082004
0.34422 0.34422 0.41097 0 0.082004 0.082004
0.34454 0.34454 0.41102 0 0.082122 0.082122
0.34454 0.34454 0.41102 0 0.082122 0.082122
0.3452 0.3452 0.41109 0 0.082132 0.082132
0.3452 0.3452 0.41109 0 0.082132 0.082132
0.34577 0.34577 0.41115 0 0.082144 0.082144
0.34577 0.34577 0.41115 0 0.082144 0.082144
0.34642 0.34642 0.41119 0 0.082188 0.082188
0.34648 0.34648 0.41119 0 0.082188 0.082188
0.34648 0.34648 0.4112 0 0.082274 0.082274
0.34669 0.34669 0.4112 0 0.082274 0.082274
0.34669 0.34669 0.41124 0 0.082284 0.082284
0.34699 0.34699 0.41124 0 0.082284 0.082284
0.34699 0.34699 0.41161 0 0.082291 0.082291
0.347 0.347 0.41161 0 0.082291 0.082291
0.347 0.347 0.41167 0 0.082296 0.082296
0.34901 0.34901 0.41167 0 0.082296 0.082296
0.34901 0.34901 0.41205 0 0.082488 0.082488
0.34989 0.34989 0.41205 0 0.082488 0.082488
0.34989 0.34989 0.41214 0 0.082513 0.082513
0.35053 0.35053 0.41229 0 0.082513 0.082513
0.35053 0.35053 0.41229 0 0.082574 0.082574
0.35058 0.35058 0.41236 0 0.082574 0.082574
0.3512 0.3512 0.41236 0 0.082665 0.082665
0.3512 0.3512 0.41274 0 0.082665 0.082665
0.35218 0.35218 0.41274 0 0.082678 0.082678
0.35218 0.35218 0.41285 0 0.082678 0.082678
0.35323 0.35323 0.41285 0 0.082713 0.082713
0.35323 0.35323 0.4131 0 0.082713 0.082713
0.3545 0.3545 0.4131 0 0.082727 0.082727
0.3545 0.3545 0.41388 0 0.082727 0.082727
0.35459 0.35459 0.41388 0 0.082728 0.082728
0.35459 0.35459 0.41405 0 0.082728 0.082728
0.35474 0.35474 0.41405 0 0.082738 0.082738
0.35474 0.35474 0.4141 0 0.082796 0.082796
0.35537 0.35537 0.4141 0 0.082796 0.082796
0.35537 0.35537 0.41424 0 0.082892 0.082892
0.35558 0.35558 0.41424 0 0.082892 0.082892
0.35558 0.35558 0.41515 0 0.082931 0.082931
0.35601 0.35601 0.41515 0 0.082931 0.082931
0.35601 0.35601 0.41515 0 0.082937 0.082937
0.35615 0.35615 0.41515 0 0.082937 0.082937
0.35615 0.35615 0.41573 0 0.083138 0.083138
0.3566 0.3566 0.41573 0 0.083138 0.083138
0.3566 0.3566 0.41615 0 0.083175 0.083175
0.3571 0.3571 0.41615 0 0.083175 0.083175
0.3571 0.3571 0.41617 0 0.083185 0.083185
0.35758 0.35758 0.41617 0 0.083185 0.083185
0.35758 0.35758 0.41632 0 0.083219 0.083219
0.35811 0.35811 0.41712 0 0.083219 0.083219
0.35811 0.35811 0.41712 0 0.083261 0.083261
0.35853 0.35853 0.4173 0 0.083261 0.083261
0.35853 0.35853 0.4173 0 0.083267 0.083267
0.35895 0.35895 0.41766 0 0.083267 0.083267
0.35895 0.35895 0.41766 0 0.083275 0.083275
0.35905 0.35905 0.41846 0 0.083275 0.083275
0.35905 0.35905 0.41846 0 0.083298 0.083298
0.35976 0.35976 0.41861 0 0.083298 0.083298
0.35976 0.35976 0.41861 0 0.083321 0.083321
0.36049 0.36049 0.41896 0 0.083321 0.083321
0.36049 0.36049 0.41896 0 0.083341 0.083341
0.3607 0.3607 0.42047 0 0.083341 0.083341
0.3607 0.3607 0.42066 0 0.083342 0.083342
0.36116 0.36116 0.42066 0 0.083342 0.083342
0.36116 0.36116 0.42098 0 0.083368 0.083368
0.36138 0.36138 0.42098 0 0.083368 0.083368
0.36138 0.36138 0.42155 0 0.083416 0.083416
0.36169 0.36169 0.42155 0 0.083416 0.083416
0.36186 0.36186 0.42254 0 0.083445 0.083445
0.36186 0.36186 0.42254 0 0.083445 0.083445
0.36203 0.36203 0.42257 0 0.083467 0.083467
0.36288 0.36288 0.42257 0 0.083467 0.083467
0.36288 0.36288 0.4229 0 0.083497 0.083497
0.36318 0.36318 0.42322 0 0.08351 0.08351
0.36318 0.36318 0.42322 0 0.08351 0.08351
0.36322 0.36322 0.42332 0 0.083524 0.083524
0.36322 0.36322 0.42332 0 0.083524 0.083524
0.36332 0.36332 0.42335 0 0.083542 0.083542
0.36345 0.36345 0.42335 0 0.08355 0.08355
0.36345 0.36345 0.42343 0 0.08355 0.08355
0.36351 0.36351 0.42343 0 0.083622 0.083622
0.36351 0.36351 0.42449 0 0.08364 0.08364
0.36427 0.36427 0.42449 0 0.08364 0.08364
0.36427 0.36427 0.42452 0 0.08375 0.08375
0.36473 0.36473 0.42452 0 0.08375 0.08375
0.36473 0.36473 0.42528 0 0.08377 0.08377
0.36545 0.36545 0.42528 0 0.083781 0.083781
0.36545 0.36545 0.42564 0 0.083781 0.083781
0.36623 0.36623 0.42564 0 0.083788 0.083788
0.36623 0.36623 0.42578 0 0.083788 0.083788
0.36633 0.36633 0.42578 0 0.083789 0.083789
0.36633 0.36633 0.42591 0 0.083789 0.083789
0.36667 0.36667 0.42597 0 0.083808 0.083808
0.36706 0.36706 0.42597 0 0.083808 0.083808
0.36706 0.36706 0.42636 0 0.083834 0.083834
0.36707 0.36707 0.42636 0 0.083834 0.083834
0.36707 0.36707 0.42641 0 0.083885 0.083885
0.36795 0.36795 0.42641 0 0.083885 0.083885
0.36795 0.36795 0.4265 0 0.083943 0.083943
0.36838 0.36838 0.4265 0 0.083943 0.083943
0.36838 0.36838 0.42726 0 0.083983 0.083983
0.36953 0.36953 0.42726 0 0.083983 0.083983
0.36953 0.36953 0.42767 0 0.08401 0.08401
0.36979 0.36979 0.42767 0 0.08401 0.08401
0.36979 0.36979 0.42794 0 0.08407 0.08407
0.37052 0.37052 0.42794 0 0.08407 0.08407
0.37052 0.37052 0.42858 0 0.084096 0.084096
0.37056 0.37056 0.42858 0 0.084096 0.084096
0.37056 0.37056 0.42864 0 0.084142 0.084142
0.37069 0.37069 0.42864 0 0.08416 0.08416
0.37069 0.37069 0.43046 0 0.08416 0.08416
0.37102 0.37102 0.43046 0 0.08422 0.08422
0.37102 0.37102 0.43089 0 0.08422 0.08422
0.37267 0.37267 0.43089 0 0.08426 0.08426
0.37267 0.37267 0.43117 0 0.08426 0.08426
0.37337 0.37337 0.43117 0 0.084273 0.084273
0.37337 0.37337 0.43125 0 0.084273 0.084273
0.37339 0.37339 0.43125 0 0.084289 0.084289
0.37339 0.37339 0.43182 0 0.084289 0.084289
0.37354 0.37354 0.43182 0 0.084304 0.084304
0.37354 0.37354 0.43287 0 0.084304 0.084304
0.37389 0.37389 0.43287 0 0.084371 0.084371
0.37389 0.37389 0.43307 0 0.084468 0.084468
0.37487 0.37487 0.43307 0 0.084468 0.084468
0.37513 0.37513 0.43312 0 0.084482 0.084482
0.37513 0.37513 0.43322 0 0.084482 0.084482
0.37514 0.37514 0.43322 0 0.08456 0.08456
0.37514 0.37514 0.43468 0 0.08456 0.08456
0.37579 0.37579 0.43521 0 0.084583 0.084583
0.37591 0.37591 0.43521 0 0.084583 0.084583
0.37591 0.37591 0.43537 0 0.084634 0.084634
0.37601 0.37601 0.43537 0 0.084634 0.084634
0.37601 0.37601 0.43557 0 0.084714 0.084714
0.37694 0.37694 0.43557 0 0.084714 0.084714
0.37694 0.37694 0.43614 0 0.084787 0.084787
0.37701 0.37701 0.43614 0 0.084787 0.084787
0.37701 0.37701 0.43625 0 0.084838 0.084838
0.37708 0.37708 0.43625 0 0.084838 0.084838
0.37708 0.37708 0.43677 0 0.084869 0.084869
0.37715 0.37715 0.43677 0 0.084869 0.084869
0.37715 0.37715 0.43763 0 0.084878 0.084878
0.37728 0.37728 0.43763 0 0.084878 0.084878
0.37728 0.37728 0.43788 0 0.084913 0.084913
0.37744 0.37744 0.43788 0 0.084913 0.084913
0.37744 0.37744 0.43798 0 0.084976 0.084976
0.37761 0.37761 0.43798 0 0.084976 0.084976
0.37761 0.37761 0.43798 0 0.084983 0.084983
0.37778 0.37778 0.43798 0 0.084983 0.084983
0.37778 0.37778 0.43819 0 0.085006 0.085006
0.37826 0.37826 0.43819 0 0.085024 0.085024
0.37826 0.37826 0.43824 0 0.085024 0.085024
0.37827 0.37827 0.43824 0 0.08504 0.08504
0.37827 0.37827 0.43828 0 0.08504 0.08504
0.37835 0.37835 0.43828 0 0.085072 0.085072
0.37835 0.37835 0.4383 0 0.085146 0.085146
0.37904 0.37904 0.4383 0 0.085146 0.085146
0.37904 0.37904 0.43848 0 0.085185 0.085185
0.37952 0.37952 0.43848 0 0.085185 0.085185
0.37952 0.37952 0.43864 0 0.085241 0.085241
0.37966 0.37966 0.43864 0 0.085241 0.085241
0.37966 0.37966 0.43878 0 0.085244 0.085244
0.37991 0.37991 0.43878 0 0.085244 0.085244
0.37991 0.37991 0.43894 0 0.085287 0.085287
0.3807 0.3807 0.43894 0 0.085287 0.085287
0.3807 0.3807 0.43917 0 0.085295 0.085295
0.38086 0.38086 0.43923 0 0.085303 0.085303
0.38086 0.38086 0.43923 0 0.085303 0.085303
0.38102 0.38102 0.43956 0 0.085353 0.085353
0.38102 0.38102 0.43956 0 0.085353 0.085353
0.38118 0.38118 0.44007 0 0.085428 0.085428
0.38118 0.38118 0.44007 0 0.085428 0.085428
0.38179 0.38179 0.44057 0 0.085487 0.085487
0.38179 0.38179 0.44057 0 0.085487 0.085487
0.38313 0.38313 0.44173 0 0.085506 0.085506
0.38313 0.38313 0.44173 0 0.085506 0.085506
0.38321 0.38321 0.44179 0 0.085688 0.085688
0.38321 0.38321 0.44179 0 0.085688 0.085688
0.38547 0.38547 0.44208 0 0.085703 0.085703
0.38547 0.38547 0.44208 0 0.085703 0.085703
0.38566 0.38566 0.44239 0 0.085737 0.085737
0.38566 0.38566 0.44239 0 0.085737 0.085737
0.38616 0.38616 0.44295 0 0.08589 0.08589
0.38616 0.38616 0.44295 0 0.08589 0.08589
0.38663 0.38663 0.443 0 0.085905 0.085905
0.38702 0.38702 0.443 0 0.085905 0.085905
0.38702 0.38702 0.44329 0 0.086073 0.086073
0.38734 0.38734 0.44329 0 0.086073 0.086073
0.38734 0.38734 0.44349 0 0.086083 0.086083
0.38757 0.38757 0.44349 0 0.086083 0.086083
0.38757 0.38757 0.44399 0 0.086139 0.086139
0.38766 0.38766 0.44433 0 0.086204 0.086204
0.38766 0.38766 0.44433 0 0.086204 0.086204
0.38769 0.38769 0.4445 0 0.086238 0.086238
0.38769 0.38769 0.4445 0 0.086238 0.086238
0.38827 0.38827 0.44566 0 0.086254 0.086254
0.38827 0.38827 0.44566 0 0.086254 0.086254
0.38838 0.38838 0.44603 0 0.08635 0.08635
0.38838 0.38838 0.44603 0 0.08635 0.08635
0.38876 0.38876 0.44646 0 0.086557 0.086557
0.38876 0.38876 0.44646 0 0.086557 0.086557
0.38886 0.38886 0.44663 0 0.086719 0.086719
0.38886 0.38886 0.44663 0 0.086719 0.086719
0.3893 0.3893 0.44682 0 0.086899 0.086899
0.3893 0.3893 0.44813 0 0.086899 0.086899
0.38948 0.38948 0.44813 0 0.087214 0.087214
0.38948 0.38948 0.4483 0 0.087214 0.087214
0.38954 0.38954 0.4483 0 0.087249 0.087249
0.38982 0.38982 0.44841 0 0.087249 0.087249
0.39071 0.39071 0.44863 0 0.087436 0.087436
0.39071 0.39071 0.44863 0 0.087436 0.087436
0.39091 0.39091 0.44895 0 0.087454 0.087454
0.39091 0.39091 0.44895 0 0.087479 0.087479
0.39242 0.39242 0.45032 0 0.087479 0.087479
0.39242 0.39242 0.45032 0 0.087638 0.087638
0.39262 0.39262 0.45039 0 0.087638 0.087638
0.39353 0.39353 0.45039 0 0.088062 0.088062
0.39353 0.39353 0.45111 0 0.088062 0.088062
0.39496 0.39496 0.45174 0 0.088091 0.088091
0.39496 0.39496 0.45174 0 0.088091 0.088091
0.39564 0.39564 0.4526 0 0.088405 0.088405
0.39564 0.39564 0.4526 0 0.088405 0.088405
0.39596 0.39596 0.45381 0 0.088634 0.088634
0.39596 0.39596 0.45381 0 0.088634 0.088634
0.39604 0.39604 0.45399 0 0.088636 0.088636
0.39604 0.39604 0.45399 0 0.088636 0.088636
0.39665 0.39665 0.45401 0 0.088669 0.088669
0.39665 0.39665 0.45401 0 0.088669 0.088669
0.39687 0.39687 0.45401 0 0.088826 0.088826
0.39687 0.39687 0.45401 0 0.088826 0.088826
0.39691 0.39691 0.4544 0 0.08886 0.08886
0.39691 0.39691 0.4544 0 0.0889 0.0889
0.397 0.397 0.45497 0 0.0889 0.0889
0.39763 0.39763 0.45497 0 0.089138 0.089138
0.39763 0.39763 0.45558 0 0.089138 0.089138
0.39838 0.39838 0.45558 0 0.089141 0.089141
0.39838 0.39838 0.45569 0 0.089141 0.089141
0.39839 0.39839 0.45569 0 0.089277 0.089277
0.39907 0.39907 0.45581 0 0.089503 0.089503
0.39907 0.39907 0.45581 0 0.089503 0.089503
0.40047 0.40047 0.45615 0 0.089516 0.089516
0.40047 0.40047 0.45618 0 0.089516 0.089516
0.40054 0.40054 0.45618 0 0.089769 0.089769
0.40054 0.40054 0.45623 0 0.089769 0.089769
0.40078 0.40078 0.45623 0 0.08977 0.08977
0.40078 0.40078 0.45748 0 0.08977 0.08977
0.4018 0.4018 0.45748 0 0.090101 0.090101
0.4018 0.4018 0.45767 0 0.090101 0.090101
0.40206 0.40206 0.45767 0 0.090271 0.090271
0.40206 0.40206 0.4584 0 0.090515 0.090515
0.40246 0.40246 0.4584 0 0.090515 0.090515
0.40246 0.40246 0.45916 0 0.090748 0.090748
0.40248 0.40248 0.45916 0 0.090748 0.090748
0.40248 0.40248 0.45958 0 0.0908 0.0908
0.40305 0.40305 0.45958 0 0.0908 0.0908
0.40305 0.40305 0.45963 0 0.090924 0.090924
0.4031 0.4031 0.45963 0 0.090924 0.090924
0.4031 0.4031 0.45975 0 0.091419 0.091419
0.40313 0.40313 0.45975 0 0.091419 0.091419
0.40313 0.40313 0.46036 0 0.091581 0.091581
0.40314 0.40314 0.46036 0 0.091581 0.091581
0.40314 0.40314 0.46092 0 0.09162 0.09162
0.40314 0.40314 0.46092 0 0.091702 0.091702
0.40314 0.40314 0.46094 0 0.091702 0.091702
0.40339 0.40339 0.46094 0 0.091779 0.091779
0.40339 0.40339 0.46123 0 0.091779 0.091779
0.40355 0.40355 0.46123 0 0.092203 0.092203
0.40355 0.40355 0.46145 0 0.092203 0.092203
0.4039 0.4039 0.46145 0 0.092267 0.092267
0.4039 0.4039 0.46189 0 0.092267 0.092267
0.40413 0.40413 0.46189 0 0.092452 0.092452
0.40413 0.40413 0.4622 0 0.092452 0.092452
0.40465 0.40465 0.46287 0 0.092862 0.092862
0.40465 0.40465 0.46287 0 0.092863 0.092863
0.40564 0.40564 0.46321 0 0.092863 0.092863
0.40564 0.40564 0.46321 0 0.093044 0.093044
0.40643 0.40643 0.46461 0 0.093044 0.093044
0.40683 0.40683 0.46461 0 0.0934 0.0934
0.40683 0.40683 0.46492 0 0.0934 0.0934
0.40718 0.40718 0.46492 0 0.093509 0.093509
0.40718 0.40718 0.46511 0 0.093509 0.093509
0.40749 0.40749 0.46511 0 0.093829 0.093829
0.40749 0.40749 0.46517 0 0.093829 0.093829
0.40807 0.40807 0.46517 0 0.093964 0.093964
0.40815 0.40815 0.46637 0 0.093991 0.093991
0.40815 0.40815 0.46637 0 0.093991 0.093991
0.40954 0.40954 0.46652 0 0.094213 0.094213
0.40954 0.40954 0.46652 0 0.094213 0.094213
0.40977 0.40977 0.46708 0 0.094499 0.094499
0.40977 0.40977 0.46708 0 0.094917 0.094917
0.41097 0.41097 0.46751 0 0.094917 0.094917
0.41097 0.41097 0.46751 0 0.095544 0.095544
0.41115 0.41115 0.46768 0 0.095544 0.095544
0.41115 0.41115 0.46768 0 0.097433 0.097433
0.41119 0.41119 0.46772 0 0.09808 0.09808
0.41119 0.41119 0.46772 0 0.09808 0.09808
0.4112 0.4112 0.46928 0 0.098092 0.098092
0.4112 0.4112 0.46928 0 0.098092 0.098092
0.41205 0.41205 0.46974 0 0.098142 0.098142
0.41205 0.41205 0.46974 0 0.098142 0.098142
0.41236 0.41236 0.4701 0 0.098174 0.098174
0.41236 0.41236 0.47015 0 0.098174 0.098174
0.41285 0.41285 0.47046 0 0.098216 0.098216
0.41285 0.41285 0.47046 0 0.098216 0.098216
0.41388 0.41388 0.4705 0 0.098255 0.098255
0.41388 0.41388 0.4705 0 0.098255 0.098255
0.4141 0.4141 0.47051 0 0.098402 0.098402
0.4141 0.4141 0.47051 0 0.098402 0.098402
0.41515 0.41515 0.47146 0 0.098499 0.098499
0.41515 0.41515 0.47146 0 0.098499 0.098499
0.41515 0.41515 0.47202 0 0.098551 0.098551
0.41515 0.41515 0.47202 0 0.098551 0.098551
0.41573 0.41573 0.4721 0 0.098572 0.098572
0.41573 0.41573 0.4721 0 0.098572 0.098572
0.41615 0.41615 0.47295 0 0.098994 0.098994
0.41615 0.41615 0.47295 0 0.098994 0.098994
0.41632 0.41632 0.47356 0 0.099755 0.099755
0.41712 0.41712 0.47356 0 0.099755 0.099755
0.41712 0.41712 0.47393 0 0.10083 0.10083
0.4173 0.4173 0.47393 0 0.10083 0.10083
0.4173 0.4173 0.47416 0 0.10146 0.10146
0.41766 0.41766 0.47416 0 0.10146 0.10146
0.41766 0.41766 0.47443 0 0.10225 0.10225
0.41861 0.41861 0.47445 0 0.10225 0.10225
0.41861 0.41861 0.47445 0 0.1029 0.1029
0.41896 0.41896 0.47511 0 0.1029 0.1029
0.41896 0.41896 0.47511 0 0.10403 0.10403
0.42047 0.42047 0.47551 0 0.10403 0.10403
0.42066 0.42066 0.47551 0 0.10465 0.10465
0.42066 0.42066 0.47581 0 0.10465 0.10465
0.42155 0.42155 0.47581 0 0.10466 0.10466
0.42155 0.42155 0.47706 0 0.10466 0.10466
0.42254 0.42254 0.47706 0 0.10475 0.10475
0.42254 0.42254 0.47766 0 0.10475 0.10475
0.42257 0.42257 0.47766 0 0.10486 0.10486
0.42257 0.42257 0.47857 0 0.1062 0.1062
0.42322 0.42322 0.47857 0 0.1062 0.1062
0.42322 0.42322 0.47947 0 0.10722 0.10722
0.42332 0.42332 0.47947 0 0.10722 0.10722
0.42332 0.42332 0.4796 0 0.10765 0.10765
0.42335 0.42335 0.4796 0 0.10765 0.10765
0.42335 0.42335 0.48016 0 0.1088 0.1088
0.42449 0.42449 0.48016 0 0.1088 0.1088
0.42449 0.42449 0.48098 0 0.11033 0.11033
0.42452 0.42452 0.48098 0 0.11033 0.11033
0.42452 0.42452 0.48113 0 0.11113 0.11113
0.42578 0.42578 0.48113 0 0.11113 0.11113
0.42578 0.42578 0.48216 0 0.11159 0.11159
0.42591 0.42591 0.48251 0 0.11159 0.11159
0.42597 0.42597 0.48251 0 0.1119 0.1119
0.42597 0.42597 0.48322 0 0.1119 0.1119
0.42636 0.42636 0.48322 0 0.11258 0.11258
0.42636 0.42636 0.48343 0 0.11258 0.11258
0.42641 0.42641 0.48343 0 0.11385 0.11385
0.42641 0.42641 0.48368 0 0.11431 0.11431
0.4265 0.4265 0.48368 0 0.11431 0.11431
0.4265 0.4265 0.48389 0 0.11545 0.11545
0.42726 0.42726 0.48389 0 0.11545 0.11545
0.42726 0.42726 0.48396 0 0.11599 0.11599
0.42767 0.42767 0.48396 0 0.11599 0.11599
0.42767 0.42767 0.48411 0 0.11684 0.11684
0.42794 0.42794 0.48411 0 0.11684 0.11684
0.42794 0.42794 0.48461 0 0.11686 0.11686
0.42858 0.42858 0.48461 0 0.11686 0.11686
0.42858 0.42858 0.48514 0 0.11694 0.11694
0.42864 0.42864 0.48514 0 0.11694 0.11694
0.42864 0.42864 0.4858 0 0.11708 0.11708
0.43046 0.43046 0.4858 0 0.11708 0.11708
0.43046 0.43046 0.48594 0 0.11722 0.11722
0.43089 0.43089 0.48594 0 0.11722 0.11722
0.43089 0.43089 0.48626 0 0.11727 0.11727
0.43117 0.43117 0.48762 0 0.11727 0.11727
0.43117 0.43117 0.48812 0 0.1175 0.1175
0.43125 0.43125 0.48812 0 0.1175 0.1175
0.43125 0.43125 0.48836 0 0.11775 0.11775
0.43182 0.43182 0.48836 0 0.11775 0.11775
0.43182 0.43182 0.48891 0 0.11801 0.11801
0.43287 0.43287 0.48891 0 0.11801 0.11801
0.43287 0.43287 0.48942 0 0.1183 0.1183
0.43307 0.43307 0.48942 0 0.1183 0.1183
0.43307 0.43307 0.48975 0 0.11861 0.11861
0.43322 0.43322 0.48975 0 0.11861 0.11861
0.43322 0.43322 0.48981 0 0.11883 0.11883
0.43468 0.43468 0.48981 0 0.11883 0.11883
0.43521 0.43521 0.49058 0 0.11896 0.11896
0.43521 0.43521 0.49058 0 0.11897 0.11897
0.43537 0.43537 0.49161 0 0.11897 0.11897
0.43537 0.43537 0.49161 0 0.11939 0.11939
0.43557 0.43557 0.49199 0 0.11939 0.11939
0.43557 0.43557 0.49199 0 0.11993 0.11993
0.43614 0.43614 0.49226 0 0.11993 0.11993
0.43614 0.43614 0.49434 0 0.1204 0.1204
0.43625 0.43625 0.49434 0 0.1204 0.1204
0.43625 0.43625 0.49458 0 0.12064 0.12064
0.43763 0.43763 0.49458 0 0.12064 0.12064
0.43763 0.43763 0.49476 0 0.12156 0.12156
0.43788 0.43788 0.49476 0 0.12156 0.12156
0.43788 0.43788 0.49503 0 0.12179 0.12179
0.4383 0.4383 0.49503 0 0.12179 0.12179
0.4383 0.4383 0.49507 0 0.1218 0.1218
0.43894 0.43894 0.49507 0 0.1218 0.1218
0.43894 0.43894 0.49583 0 0.12187 0.12187
0.43917 0.43917 0.49583 0 0.12187 0.12187
0.43923 0.43923 0.49684 0 0.12202 0.12202
0.43923 0.43923 0.49684 0 0.12202 0.12202
0.44007 0.44007 0.49741 0 0.12214 0.12214
0.44007 0.44007 0.49741 0 0.12214 0.12214
0.44179 0.44179 0.49829 0 0.12223 0.12223
0.44179 0.44179 0.49829 0 0.12223 0.12223
0.44208 0.44208 0.49835 0 0.12248 0.12248
0.44208 0.44208 0.49835 0 0.12248 0.12248
0.44239 0.44239 0.49923 0 0.12269 0.12269
0.44239 0.44239 0.49923 0 0.12269 0.12269
0.44295 0.44295 0.49962 0 0.12275 0.12275
0.44295 0.44295 0.49962 0 0.12275 0.12275
0.44329 0.44329 0.4999 0 0.12302 0.12302
0.44329 0.44329 0.4999 0 0.12302 0.12302
0.44349 0.44349 0.50131 0 0.12311 0.12311
0.44349 0.44349 0.50131 0 0.12311 0.12311
0.4445 0.4445 0.50131 0 0.12329 0.12329
0.4445 0.4445 0.50131 0 0.12329 0.12329
0.44603 0.44603 0.5022 0 0.12354 0.12354
0.44603 0.44603 0.5022 0 0.12354 0.12354
0.44646 0.44646 0.50235 0 0.12379 0.12379
0.44646 0.44646 0.50235 0 0.12379 0.12379
0.44663 0.44663 0.50324 0 0.12381 0.12381
0.44663 0.44663 0.50324 0 0.12381 0.12381
0.44682 0.44682 0.50372 0 0.12389 0.12389
0.44813 0.44813 0.50372 0 0.12404 0.12404
0.44813 0.44813 0.50399 0 0.12404 0.12404
0.4483 0.4483 0.50399 0 0.12409 0.12409
0.4483 0.4483 0.50402 0 0.12409 0.12409
0.44841 0.44841 0.50402 0 0.12409 0.12409
0.44895 0.44895 0.50441 0 0.12409 0.12409
0.44895 0.44895 0.50441 0 0.12417 0.12417
0.45032 0.45032 0.5046 0 0.12417 0.12417
0.45032 0.45032 0.50483 0 0.12417 0.12417
0.45039 0.45039 0.50483 0 0.12417 0.12417
0.45039 0.45039 0.50504 0 0.12431 0.12431
0.45111 0.45111 0.50595 0 0.12431 0.12431
0.4526 0.4526 0.50595 0 0.12433 0.12433
0.4526 0.4526 0.50615 0 0.12433 0.12433
0.45381 0.45381 0.50615 0 0.1245 0.1245
0.45381 0.45381 0.50693 0 0.1245 0.1245
0.45401 0.45401 0.50693 0 0.12466 0.12466
0.45401 0.45401 0.50835 0 0.12466 0.12466
0.45401 0.45401 0.50835 0 0.12471 0.12471
0.45401 0.45401 0.50847 0 0.12471 0.12471
0.4544 0.4544 0.50847 0 0.12471 0.12471
0.4544 0.4544 0.50978 0 0.12471 0.12471
0.45497 0.45497 0.50978 0 0.12493 0.12493
0.45497 0.45497 0.50996 0 0.12493 0.12493
0.45558 0.45558 0.50996 0 0.12506 0.12506
0.45558 0.45558 0.51028 0 0.12506 0.12506
0.45569 0.45569 0.51028 0 0.12515 0.12515
0.45569 0.45569 0.51166 0 0.12515 0.12515
0.45618 0.45618 0.51166 0 0.12534 0.12534
0.45618 0.45618 0.51276 0 0.12534 0.12534
0.45623 0.45623 0.51276 0 0.12544 0.12544
0.45623 0.45623 0.51455 0 0.12544 0.12544
0.45767 0.45767 0.51455 0 0.12546 0.12546
0.45767 0.45767 0.5149 0 0.12552 0.12552
0.4584 0.4584 0.5149 0 0.12552 0.12552
0.4584 0.4584 0.51498 0 0.12568 0.12568
0.45958 0.45958 0.51498 0 0.12568 0.12568
0.45958 0.45958 0.51556 0 0.12584 0.12584
0.45963 0.45963 0.51556 0 0.12584 0.12584
0.45963 0.45963 0.5159 0 0.12586 0.12586
0.45975 0.45975 0.5159 0 0.12586 0.12586
0.45975 0.45975 0.51636 0 0.12589 0.12589
0.46036 0.46036 0.51636 0 0.12589 0.12589
0.46036 0.46036 0.51677 0 0.12589 0.12589
0.46092 0.46092 0.51677 0 0.12589 0.12589
0.46092 0.46092 0.517 0 0.12597 0.12597
0.46123 0.46123 0.517 0 0.12597 0.12597
0.46123 0.46123 0.51737 0 0.12598 0.12598
0.46145 0.46145 0.51737 0 0.12598 0.12598
0.46145 0.46145 0.51751 0 0.126 0.126
0.4622 0.4622 0.51751 0 0.126 0.126
0.46321 0.46321 0.51795 0 0.12605 0.12605
0.46321 0.46321 0.5198 0 0.12608 0.12608
0.46461 0.46461 0.5198 0 0.12608 0.12608
0.46461 0.46461 0.52053 0 0.12609 0.12609
0.46511 0.46511 0.52053 0 0.12609 0.12609
0.46511 0.46511 0.52087 0 0.1262 0.1262
0.46517 0.46517 0.52087 0 0.1262 0.1262
0.46517 0.46517 0.5218 0 0.1262 0.1262
0.46637 0.46637 0.5218 0 0.1262 0.1262
0.46637 0.46637 0.52354 0 0.12632 0.12632
0.46751 0.46751 0.52407 0 0.12632 0.12632
0.46751 0.46751 0.52407 0 0.12642 0.12642
0.46768 0.46768 0.52432 0 0.12642 0.12642
0.46768 0.46768 0.52432 0 0.12643 0.12643
0.46772 0.46772 0.5244 0 0.12649 0.12649
0.46772 0.46772 0.5244 0 0.12649 0.12649
0.46974 0.46974 0.52629 0 0.12654 0.12654
0.46974 0.46974 0.52629 0 0.12654 0.12654
0.47015 0.47015 0.52639 0 0.12654 0.12654
0.47046 0.47046 0.52639 0 0.12654 0.12654
0.47046 0.47046 0.52663 0 0.12656 0.12656
0.4705 0.4705 0.52663 0 0.12656 0.12656
0.4705 0.4705 0.52665 0 0.12684 0.12684
0.47202 0.47202 0.52665 0 0.12703 0.12703
0.47202 0.47202 0.52673 0 0.12703 0.12703
0.4721 0.4721 0.52673 0 0.12716 0.12716
0.4721 0.4721 0.52689 0 0.12716 0.12716
0.47295 0.47295 0.52694 0 0.12725 0.12725
0.47295 0.47295 0.52694 0 0.12725 0.12725
0.47393 0.47393 0.52841 0 0.12731 0.12731
0.47393 0.47393 0.52841 0 0.12731 0.12731
0.47443 0.47443 0.52935 0 0.12734 0.12734
0.47445 0.47445 0.52935 0 0.12734 0.12734
0.47445 0.47445 0.531 0 0.12735 0.12735
0.47511 0.47511 0.531 0 0.12735 0.12735
0.47511 0.47511 0.53172 0 0.12737 0.12737
0.47581 0.47581 0.53172 0 0.12737 0.12737
0.47581 0.47581 0.53194 0 0.12738 0.12738
0.47857 0.47857 0.53194 0 0.1274 0.1274
0.47857 0.47857 0.53366 0 0.1274 0.1274
0.47947 0.47947 0.53366 0 0.12747 0.12747
0.47947 0.47947 0.53466 0 0.12747 0.12747
0.4796 0.4796 0.53466 0 0.12758 0.12758
0.4796 0.4796 0.53541 0 0.12758 0.12758
0.48016 0.48016 0.53541 0 0.12768 0.12768
0.48016 0.48016 0.53712 0 0.12768 0.12768
0.48098 0.48098 0.53712 0 0.12777 0.12777
0.48098 0.48098 0.53772 0 0.12777 0.12777
0.48216 0.48216 0.53772 0 0.12793 0.12793
0.48251 0.48251 0.53812 0 0.12793 0.12793
0.48251 0.48251 0.53812 0 0.12803 0.12803
0.48343 0.48343 0.53851 0 0.12803 0.12803
0.48343 0.48343 0.53851 0 0.12814 0.12814
0.48368 0.48368 0.53953 0 0.12814 0.12814
0.48368 0.48368 0.53953 0 0.12814 0.12814
0.48389 0.48389 0.53974 0 0.12834 0.12834
0.48389 0.48389 0.54021 0 0.12834 0.12834
0.48396 0.48396 0.54021 0 0.12837 0.12837
0.48396 0.48396 0.54176 0 0.12837 0.12837
0.48411 0.48411 0.54176 0 0.12853 0.12853
0.48411 0.48411 0.54232 0 0.12853 0.12853
0.48514 0.48514 0.54232 0 0.12857 0.12857
0.48514 0.48514 0.54243 0 0.12857 0.12857
0.4858 0.4858 0.54243 0 0.12872 0.12872
0.4858 0.4858 0.54268 0 0.12872 0.12872
0.48594 0.48594 0.54268 0 0.12883 0.12883
0.48594 0.48594 0.54274 0 0.12883 0.12883
0.48762 0.48762 0.54274 0 0.12891 0.12891
0.48836 0.48836 0.54414 0 0.12891 0.12891
0.48836 0.48836 0.54414 0 0.12893 0.12893
0.48942 0.48942 0.54472 0 0.12893 0.12893
0.48942 0.48942 0.54472 0 0.12897 0.12897
0.48975 0.48975 0.54538 0 0.12897 0.12897
0.48975 0.48975 0.54538 0 0.12917 0.12917
0.48981 0.48981 0.54617 0 0.12917 0.12917
0.48981 0.48981 0.54617 0 0.12919 0.12919
0.49058 0.49058 0.54691 0 0.12936 0.12936
0.49058 0.49058 0.54782 0 0.12936 0.12936
0.49199 0.49199 0.54831 0 0.12948 0.12948
0.49199 0.49199 0.54831 0 0.12948 0.12948
0.49226 0.49226 0.54902 0 0.12975 0.12975
0.49476 0.49476 0.54902 0 0.12975 0.12975
0.49476 0.49476 0.54934 0 0.1298 0.1298
0.49507 0.49507 0.54934 0 0.1298 0.1298
0.49507 0.49507 0.5499 0 0.12984 0.12984
0.49583 0.49583 0.5499 0 0.12984 0.12984
0.49583 0.49583 0.55011 0 0.1299 0.1299
0.49684 0.49684 0.55011 0 0.1299 0.1299
0.49684 0.49684 0.55152 0 0.13015 0.13015
0.49741 0.49741 0.55152 0 0.13015 0.13015
0.49741 0.49741 0.55163 0 0.13029 0.13029
0.49835 0.49835 0.55163 0 0.13029 0.13029
0.49835 0.49835 0.55231 0 0.13041 0.13041
0.49923 0.49923 0.55321 0 0.13041 0.13041
0.49923 0.49923 0.55321 0 0.13057 0.13057
0.4999 0.4999 0.55448 0 0.13057 0.13057
0.4999 0.4999 0.55448 0 0.13064 0.13064
0.50131 0.50131 0.55512 0 0.13081 0.13081
0.50131 0.50131 0.55512 0 0.13081 0.13081
0.5022 0.5022 0.55545 0 0.13103 0.13103
0.5022 0.5022 0.55545 0 0.13103 0.13103
0.50324 0.50324 0.55782 0 0.13104 0.13104
0.50324 0.50324 0.55782 0 0.13104 0.13104
0.50372 0.50372 0.55879 0 0.13149 0.13149
0.50372 0.50372 0.55879 0 0.13149 0.13149
0.50402 0.50402 0.5589 0 0.13156 0.13156
0.50402 0.50402 0.5589 0 0.13156 0.13156
0.50441 0.50441 0.55945 0 0.13166 0.13166
0.50441 0.50441 0.55945 0 0.13166 0.13166
0.5046 0.5046 0.55998 0 0.13178 0.13178
0.50595 0.50595 0.55998 0 0.13214 0.13214
0.50595 0.50595 0.56025 0 0.13215 0.13215
0.50615 0.50615 0.56025 0 0.13215 0.13215
0.50615 0.50615 0.56112 0 0.13233 0.13233
0.50693 0.50693 0.56112 0 0.13233 0.13233
0.50693 0.50693 0.56252 0 0.13236 0.13236
0.50835 0.50835 0.56393 0 0.13236 0.13236
0.50835 0.50835 0.56393 0 0.1326 0.1326
0.50847 0.50847 0.56537 0 0.13263 0.13263
0.50847 0.50847 0.56537 0 0.13263 0.13263
0.51028 0.51028 0.56594 0 0.13282 0.13282
0.51028 0.51028 0.56594 0 0.13282 0.13282
0.51166 0.51166 0.56824 0 0.13305 0.13305
0.51166 0.51166 0.56824 0 0.13305 0.13305
0.51276 0.51276 0.56848 0 0.13326 0.13326
0.51276 0.51276 0.56848 0 0.13326 0.13326
0.51455 0.51455 0.5689 0 0.13355 0.13355
0.51455 0.51455 0.5689 0 0.13355 0.13355
0.51556 0.51556 0.56891 0 0.13375 0.13375
0.51556 0.51556 0.56891 0 0.13375 0.13375
0.5159 0.5159 0.56916 0 0.13384 0.13384
0.5159 0.5159 0.56916 0 0.13384 0.13384
0.51636 0.51636 0.57215 0 0.13422 0.13422
0.51636 0.51636 0.57215 0 0.13422 0.13422
0.51677 0.51677 0.57215 0 0.13463 0.13463
0.51677 0.51677 0.57215 0 0.13463 0.13463
0.51737 0.51737 0.57269 0 0.1347 0.1347
0.51737 0.51737 0.57441 0 0.1347 0.1347
0.51751 0.51751 0.57441 0 0.13495 0.13495
0.51751 0.51751 0.57466 0 0.13495 0.13495
0.51795 0.51795 0.57466 0 0.1352 0.1352
0.52053 0.52053 0.57611 0 0.13523 0.13523
0.52053 0.52053 0.57611 0 0.13523 0.13523
0.52087 0.52087 0.57781 0 0.13563 0.13563
0.52087 0.52087 0.57781 0 0.13563 0.13563
0.5218 0.5218 0.57788 0 0.13599 0.13599
0.5218 0.5218 0.57788 0 0.13599 0.13599
0.52354 0.52354 0.57944 0 0.13622 0.13622
0.52629 0.52629 0.57944 0 0.13622 0.13622
0.52629 0.52629 0.57999 0 0.13631 0.13631
0.52639 0.52639 0.57999 0 0.13631 0.13631
0.52639 0.52639 0.58059 0 0.13662 0.13662
0.52663 0.52663 0.58059 0 0.13662 0.13662
0.52663 0.52663 0.58092 0 0.13673 0.13673
0.52665 0.52665 0.5819 0 0.13673 0.13673
0.52665 0.52665 0.58264 0 0.13735 0.13735
0.52673 0.52673 0.58288 0 0.13735 0.13735
0.52673 0.52673 0.58288 0 0.13748 0.13748
0.52694 0.52694 0.58291 0 0.13748 0.13748
0.52694 0.52694 0.58291 0 0.13755 0.13755
0.52935 0.52935 0.58376 0 0.13755 0.13755
0.52935 0.52935 0.58376 0 0.13833 0.13833
0.53172 0.53172 0.58493 0 0.13833 0.13833
0.53172 0.53172 0.58493 0 0.1386 0.1386
0.53466 0.53466 0.585 0 0.13872 0.13872
0.53466 0.53466 0.585 0 0.13872 0.13872
0.53541 0.53541 0.5886 0 0.13878 0.13878
0.53541 0.53541 0.5886 0 0.13878 0.13878
0.53712 0.53712 0.58894 0 0.13897 0.13897
0.53712 0.53712 0.58894 0 0.13897 0.13897
0.53812 0.53812 0.59124 0 0.14002 0.14002
0.53812 0.53812 0.59124 0 0.14002 0.14002
0.53953 0.53953 0.59212 0 0.14002 0.14002
0.53953 0.53953 0.59212 0 0.14002 0.14002
0.53974 0.53974 0.59278 0 0.14025 0.14025
0.54021 0.54021 0.59278 0 0.14025 0.14025
0.54021 0.54021 0.59315 0 0.14048 0.14048
0.54176 0.54176 0.59315 0 0.14048 0.14048
0.54176 0.54176 0.59587 0 0.14056 0.14056
0.54232 0.54232 0.59587 0 0.14056 0.14056
0.54232 0.54232 0.5967 0 0.14089 0.14089
0.54243 0.54243 0.5967 0 0.14089 0.14089
0.54243 0.54243 0.5969 0 0.14152 0.14152
0.54268 0.54268 0.5969 0 0.14152 0.14152
0.54268 0.54268 0.59722 0 0.14181 0.14181
0.54472 0.54472 0.59722 0 0.14181 0.14181
0.54472 0.54472 0.59782 0 0.14208 0.14208
0.54538 0.54538 0.59782 0 0.14208 0.14208
0.54538 0.54538 0.59986 0 0.14263 0.14263
0.54617 0.54617 0.59986 0 0.14263 0.14263
0.54617 0.54617 0.60148 0 0.14291 0.14291
0.54691 0.54691 0.60148 0 0.14369 0.14369
0.54782 0.54782 0.6027 0 0.14369 0.14369
0.54831 0.54831 0.6027 0 0.14375 0.14375
0.54831 0.54831 0.60337 0 0.14375 0.14375
0.54902 0.54902 0.60337 0 0.1446 0.1446
0.54902 0.54902 0.60585 0 0.1446 0.1446
0.54934 0.54934 0.60585 0 0.1448 0.1448
0.54934 0.54934 0.60761 0 0.1448 0.1448
0.55152 0.55152 0.60761 0 0.14536 0.14536
0.55152 0.55152 0.60846 0 0.14536 0.14536
0.55321 0.55321 0.60846 0 0.14567 0.14567
0.55321 0.55321 0.61119 0 0.14567 0.14567
0.55448 0.55448 0.61119 0 0.14569 0.14569
0.55448 0.55448 0.61132 0 0.14569 0.14569
0.55512 0.55512 0.61132 0 0.14708 0.14708
0.55512 0.55512 0.61224 0 0.14708 0.14708
0.55782 0.55782 0.61224 0 0.14778 0.14778
0.55782 0.55782 0.61368 0 0.14778 0.14778
0.55879 0.55879 0.61368 0 0.14791 0.14791
0.55879 0.55879 0.61467 0 0.14791 0.14791
0.5589 0.5589 0.61467 0 0.14819 0.14819
0.5589 0.5589 0.61479 0 0.14949 0.14949
0.55945 0.55945 0.61479 0 0.14949 0.14949
0.55945 0.55945 0.61633 0 0.15051 0.15051
0.56252 0.56252 0.6165 0 0.15051 0.15051
0.56393 0.56393 0.6165 0 0.15058 0.15058
0.56393 0.56393 0.61825 0 0.15058 0.15058
0.56537 0.56537 0.61825 0 0.15081 0.15081
0.56537 0.56537 0.61842 0 0.15081 0.15081
0.56824 0.56824 0.61842 0 0.1511 0.1511
0.56824 0.56824 0.6203 0 0.1511 0.1511
0.5689 0.5689 0.6203 0 0.15169 0.15169
0.5689 0.5689 0.62241 0 0.15169 0.15169
0.56891 0.56891 0.62334 0 0.15204 0.15204
0.56891 0.56891 0.62584 0 0.15204 0.15204
0.56916 0.56916 0.62584 0 0.15247 0.15247
0.56916 0.56916 0.62593 0 0.15336 0.15336
0.57215 0.57215 0.62593 0 0.15336 0.15336
0.57215 0.57215 0.62711 0 0.15407 0.15407
0.57269 0.57269 0.62711 0 0.15407 0.15407
0.57441 0.57441 0.62933 0 0.15429 0.15429
0.57441 0.57441 0.62933 0 0.15552 0.15552
0.57466 0.57466 0.62961 0 0.15552 0.15552
0.57466 0.57466 0.63008 0 0.15562 0.15562
0.57781 0.57781 0.63008 0 0.15562 0.15562
0.57781 0.57781 0.63017 0 0.15635 0.15635
0.57788 0.57788 0.63017 0 0.15635 0.15635
0.57788 0.57788 0.63046 0 0.15709 0.15709
0.57999 0.57999 0.63046 0 0.15709 0.15709
0.57999 0.57999 0.63139 0 0.15738 0.15738
0.58059 0.58059 0.63139 0 0.15738 0.15738
0.58059 0.58059 0.6322 0 0.15859 0.15859
0.58092 0.58092 0.63491 0 0.15859 0.15859
0.58264 0.58264 0.63491 0 0.15924 0.15924
0.58376 0.58376 0.6388 0 0.15924 0.15924
0.58376 0.58376 0.6388 0 0.15965 0.15965
0.58493 0.58493 0.6391 0 0.15965 0.15965
0.58493 0.58493 0.6391 0 0.1602 0.1602
0.585 0.585 0.64066 0 0.16027 0.16027
0.585 0.585 0.64066 0 0.16027 0.16027
0.58894 0.58894 0.6445 0 0.1603 0.1603
0.58894 0.58894 0.6445 0 0.1603 0.1603
0.59124 0.59124 0.64543 0 0.1614 0.1614
0.59124 0.59124 0.64543 0 0.16215 0.16215
0.59212 0.59212 0.64543 0 0.16215 0.16215
0.59212 0.59212 0.64543 0 0.1628 0.1628
0.59587 0.59587 0.64701 0 0.1628 0.1628
0.59587 0.59587 0.64701 0 0.16299 0.16299
0.5967 0.5967 0.64778 0 0.16299 0.16299
0.5967 0.5967 0.64778 0 0.16305 0.16305
0.5969 0.5969 0.64934 0 0.16305 0.16305
0.5969 0.5969 0.64934 0 0.16307 0.16307
0.59722 0.59722 0.65009 0 0.16307 0.16307
0.59722 0.59722 0.65009 0 0.16522 0.16522
0.59986 0.59986 0.65341 0 0.16522 0.16522
0.59986 0.59986 0.65341 0 0.16562 0.16562
0.60148 0.60148 0.65342 0 0.16562 0.16562
0.60148 0.60148 0.65342 0 0.16774 0.16774
0.60337 0.60337 0.65629 0 0.16774 0.16774
0.60337 0.60337 0.65629 0 0.17148 0.17148
0.60761 0.60761 0.65642 0 0.17148 0.17148
0.60761 0.60761 0.65649 0 0.17321 0.17321
0.60846 0.60846 0.65649 0 0.17321 0.17321
0.60846 0.60846 0.65879 0 0.17504 0.17504
0.61132 0.61132 0.65879 0 0.176 0.176
0.61132 0.61132 0.66546 0 0.176 0.176
0.61224 0.61224 0.66546 0 0.1772 0.1772
0.61224 0.61224 0.66656 0 0.1772 0.1772
0.61467 0.61467 0.66656 0 0.18224 0.18224
0.61467 0.61467 0.66742 0 0.18224 0.18224
0.61479 0.61479 0.66742 0 0.18319 0.18319
0.61479 0.61479 0.66827 0 0.18319 0.18319
0.6165 0.6165 0.66827 0 0.18395 0.18395
0.6165 0.6165 0.67114 0 0.18395 0.18395
0.6203 0.6203 0.67152 0 0.18638 0.18638
0.6203 0.6203 0.67152 0 0.18638 0.18638
0.62241 0.62241 0.67163 0 0.18678 0.18678
0.62334 0.62334 0.67163 0 0.18678 0.18678
0.62584 0.62584 0.67264 0 0.18946 0.18946
0.62584 0.62584 0.67264 0 0.18946 0.18946
0.62593 0.62593 0.67696 0 0.19145 0.19145
0.62593 0.62593 0.67696 0 0.19145 0.19145
0.62711 0.62711 0.67807 0 0.1929 0.1929
0.62711 0.62711 0.67807 0 0.1929 0.1929
0.62961 0.62961 0.68227 0 0.1983 0.1983
0.63008 0.63008 0.68227 0 0.1983 0.1983
0.63008 0.63008 0.68283 0 0.19833 0.19833
0.63046 0.63046 0.68283 0 0.19833 0.19833
0.63046 0.63046 0.68591 0 0.2001 0.2001
0.63139 0.63139 0.68591 0 0.20228 0.20228
0.63139 0.63139 0.68622 0 0.20228 0.20228
0.6322 0.6322 0.68622 0 0.2044 0.2044
0.6388 0.6388 0.68781 0 0.2044 0.2044
0.6388 0.6388 0.68874 0 0.20942 0.20942
0.6391 0.6391 0.68874 0 0.20942 0.20942
0.6391 0.6391 0.68876 0 0.20957 0.20957
0.64543 0.64543 0.68876 0 0.20957 0.20957
0.64543 0.64543 0.6971 0 0.21117 0.21117
0.64543 0.64543 0.6971 0 0.21117 0.21117
0.64543 0.64543 0.69855 0 0.21314 0.21314
0.64701 0.64701 0.69855 0 0.21314 0.21314
0.64701 0.64701 0.6995 0 0.21325 0.21325
0.64778 0.64778 0.6995 0 0.21325 0.21325
0.64778 0.64778 0.70315 0 0.21939 0.21939
0.65009 0.65009 0.70439 0 0.21939 0.21939
0.65009 0.65009 0.70439 0 0.22052 0.22052
0.65342 0.65342 0.70595 0 0.22052 0.22052
0.65342 0.65342 0.70815 0 0.22621 0.22621
0.65629 0.65629 0.70815 0 0.22621 0.22621
0.65629 0.65629 0.7085 0 0.22668 0.22668
0.65649 0.65649 0.7085 0 0.22668 0.22668
0.65649 0.65649 0.71111 0 0.22812 0.22812
0.66546 0.66546 0.71111 0 0.231 0.231
0.66546 0.66546 0.71743 0 0.231 0.231
0.66656 0.66656 0.71743 0 0.23276 0.23276
0.66656 0.66656 0.71979 0 0.23276 0.23276
0.66742 0.66742 0.71979 0 0.23727 0.23727
0.66742 0.66742 0.72015 0 0.23727 0.23727
0.66827 0.66827 0.72015 0 0.23892 0.23892
0.66827 0.66827 0.72267 0 0.23892 0.23892
0.67114 0.67114 0.72267 0 0.24077 0.24077
0.67264 0.67264 0.72392 0 0.24077 0.24077
0.67264 0.67264 0.72533 0 0.24294 0.24294
0.67696 0.67696 0.72533 0 0.24294 0.24294
0.67696 0.67696 0.72752 0 0.24954 0.24954
0.68283 0.68283 0.7283 0 0.24954 0.24954
0.68283 0.68283 0.7283 0 0.25121 0.25121
0.68591 0.68591 0.7293 0 0.25121 0.25121
0.68591 0.68591 0.7293 0 0.25692 0.25692
0.68622 0.68622 0.73047 0 0.25692 0.25692
0.68622 0.68622 0.73047 0 0.25763 0.25763
0.68781 0.68781 0.73902 0 0.25763 0.25763
0.68874 0.68874 0.73911 0 0.25979 0.25979
0.68874 0.68874 0.73911 0 0.26246 0.26246
0.6971 0.6971 0.74681 0 0.26246 0.26246
0.6971 0.6971 0.74681 0 0.26283 0.26283
0.69855 0.69855 0.74754 0 0.26283 0.26283
0.69855 0.69855 0.74754 0 0.27203 0.27203
0.70595 0.70595 0.75106 0 0.27203 0.27203
0.70815 0.70815 0.75106 0 0.2734 0.2734
0.70815 0.70815 0.75287 0 0.2734 0.2734
0.7085 0.7085 0.75287 0 0.27674 0.27674
0.7085 0.7085 0.7551 0 0.27674 0.27674
0.71111 0.71111 0.7551 0 0.28244 0.28244
0.71111 0.71111 0.75757 0 0.28244 0.28244
0.71979 0.71979 0.75801 0 0.28587 0.28587
0.71979 0.71979 0.75801 0 0.28587 0.28587
0.72267 0.72267 0.7581 0 0.28932 0.28932
0.72267 0.72267 0.76776 0 0.28932 0.28932
0.72392 0.72392 0.76776 0 0.29363 0.29363
0.72533 0.72533 0.7758 0 0.29363 0.29363
0.72533 0.72533 0.7758 0 0.29626 0.29626
0.72752 0.72752 0.77948 0 0.2987 0.2987
0.7293 0.7293 0.77948 0 0.2987 0.2987
0.7293 0.7293 0.78571 0 0.30989 0.30989
0.73047 0.73047 0.78571 0 0.30989 0.30989
0.73047 0.73047 0.78658 0 0.31017 0.31017
0.73902 0.73902 0.78658 0 0.31017 0.31017
0.74681 0.74681 0.78737 0 0.31609 0.31609
0.74681 0.74681 0.78737 0 0.31609 0.31609
0.74754 0.74754 0.78796 0 0.31859 0.31859
0.74754 0.74754 0.78796 0 0.31859 0.31859
0.75106 0.75106 0.79405 0 0.32587 0.32587
0.75106 0.75106 0.79544 0 0.32587 0.32587
0.75801 0.75801 0.79544 0 0.33597 0.33597
0.75801 0.75801 0.79651 0 0.33597 0.33597
0.7581 0.7581 0.79651 0 0.33942 0.33942
0.76776 0.76776 0.79949 0 0.33994 0.33994
0.76776 0.76776 0.81351 0 0.33994 0.33994
0.77948 0.77948 0.81351 0 0.3512 0.3512
0.77948 0.77948 0.81412 0 0.3512 0.3512
0.78571 0.78571 0.81412 0 0.35537 0.35537
0.78571 0.78571 0.82046 0 0.35537 0.35537
0.78737 0.78737 0.82944 0 0.36345 0.36345
0.78737 0.78737 0.82944 0 0.36345 0.36345
0.78796 0.78796 0.83264 0 0.37337 0.37337
0.78796 0.78796 0.83264 0 0.37337 0.37337
0.79405 0.79405 0.83822 0 0.38769 0.38769
0.79651 0.79651 0.83822 0 0.38769 0.38769
0.79651 0.79651 0.84308 0 0.38838 0.38838
0.79949 0.79949 0.85209 0 0.38838 0.38838
0.81351 0.81351 0.85209 0 0.39262 0.39262
0.81351 0.81351 0.85314 0 0.41115 0.41115
0.82944 0.82944 0.85314 0 0.41115 0.41115
0.82944 0.82944 0.86183 0 0.42322 0.42322
0.83264 0.83264 0.86183 0 0.42322 0.42322
0.83264 0.83264 0.8708 0 0.43182 0.43182
0.84308 0.84308 0.87135 0 0.43182 0.43182
0.85209 0.85209 0.8824 0 0.4544 0.4544
0.85209 0.85209 0.8824 0 0.4544 0.4544
0.86183 0.86183 0.88807 0 0.4622 0.4622
0.86183 0.86183 0.88807 0 0.48396 0.48396
0.8708 0.8708 0.89113 0 0.48396 0.48396
0.87135 0.87135 0.9104 0 0.50441 0.50441
0.88807 0.88807 0.9104 0 0.50441 0.50441
0.88807 0.88807 0.91828 0 0.54831 0.54831
0.9104 0.9104 0.92551 0 0.54831 0.54831
0.9104 0.9104 0.92551 0 0.56252 0.56252
0.91828 0.91828 0.94147 0 0.63008 0.63008
0.94147 0.94147 0.95487 0 0.63008 0.63008
0.95487 0.95487 0.96348 0 0.73902 0.73902
