0
0
0
0
0
0
0
0
0
0
0
0
0
0
0
0
0
0
0
0
0
0
0
0
0
0
0
0
0
0
0
0
0
0
0
0
0
0
0
0
0
0
0
0
0
0
0
0
0
0
0
0
0
0
0
0
0
0
0
0
0
0
0
0
0
0
0
0
0
0
0
0
0
0
0
0
0
0
0
0
0
0
0
0
0
0
0
0
0
0
0
0
0
0
0
0
0
0
0
0
0
0
0
0
0
0
0
0
0
0
0
0
0
0
0
0
0
0
0
0
0
0
0
0
0
0
0
0
0
0
0
0
0
0
0
0
0
0
0
0
0
0
0
0
0
0
0
0
0
0
0
0
0
0
0
0
0
0
0
0
0
0
0
0
0
0
0
0
0
0
0
0
0
0
0
0
0
0
0
0
0
0
0
0
0
0
0
0
0
0
0
0
0
0
0
0
0
0
0
0
0
0
0
0
0
0
0
0
0
0
0
0
0
0
0
0
0
0
0
0
0
0
0
0
0
0
0
0
0
0
0
0
7.8328e-10
7.8328e-10
1.199e-09
1.199e-09
2.9164e-09
2.9164e-09
3.7833e-09
3.7833e-09
6.0577e-09
6.0577e-09
1.1744e-08
1.1744e-08
1.4871e-08
1.4871e-08
2.8628e-08
2.8628e-08
5.4192e-08
5.4192e-08
1.2005e-07
1.2005e-07
1.5545e-07
1.5545e-07
1.581e-07
1.581e-07
6.172e-07
6.172e-07
6.7083e-07
6.7083e-07
7.2745e-07
7.2745e-07
7.4108e-07
7.4108e-07
1.4906e-06
1.913e-06
1.913e-06
2.0126e-06
2.0126e-06
2.7859e-06
2.7859e-06
4.1914e-06
4.1914e-06
5.7226e-06
5.7226e-06
8.7222e-06
8.7222e-06
1.143e-05
1.143e-05
2.1043e-05
2.1043e-05
2.2143e-05
2.2143e-05
2.3801e-05
2.3801e-05
2.5055e-05
2.5055e-05
4.2841e-05
4.5637e-05
4.5637e-05
7.1312e-05
7.1312e-05
7.3376e-05
7.3376e-05
7.6899e-05
7.6899e-05
0.00010692
0.00010692
0.00010973
0.00010973
0.00011315
0.00011315
0.00012586
0.00012586
0.00014024
0.00014024
0.00017577
0.00017577
0.00018228
0.00018228
0.00019517
0.00019517
0.00024614
0.00024614
0.00025131
0.00025131
0.00027921
0.00027921
0.00034445
0.00034445
0.00041905
0.00041905
0.00046476
0.00046476
0.00046936
0.00046936
0.00059509
0.00059509
0.00062343
0.00062343
0.00075006
0.00075006
0.00076461
0.00076461
0.0010262
0.0010262
0.0010868
0.0010868
0.0011983
0.0011983
0.0012338
0.0012338
0.0013376
0.0013376
0.0017529
0.0017529
0.001766
0.0018481
0.0018481
0.0019001
0.0019001
0.0020259
0.0020259
0.0023694
0.0023694
0.002424
0.002424
0.0028667
0.0028667
0.0029472
0.0029472
0.003123
0.0033685
0.0033685
0.0035887
0.0035887
0.0035947
0.0035947
0.003745
0.003745
0.004163
0.004163
0.0050225
0.0050225
0.005359
0.005359
0.005653
0.005697
0.005697
0.00618
0.00618
0.006384
0.006384
0.006478
0.0077168
0.0077168
0.007909
0.007909
0.008132
0.008132
0.008149
0.008149
0.008873
0.008873
0.0093794
0.009401
0.0096421
0.0096421
0.009957
0.010188
0.010188
0.010223
0.010223
0.010383
0.010383
0.010498
0.010498
0.011661
0.011661
0.012203
0.012203
0.012333
0.012333
0.012502
0.012502
0.01262
0.01262
0.012824
0.012824
0.012959
0.012959
0.013059
0.013059
0.014216
0.014217
0.014217
0.014301
0.014301
0.014445
0.014445
0.014553
0.014553
0.015554
0.015554
0.015668
0.015668
0.015756
0.015756
0.015842
0.015993
0.015993
0.016343
0.016343
0.016444
0.016444
0.016945
0.016945
0.017173
0.017173
0.017303
0.017435
0.017488
0.017488
0.017728
0.018125
0.018125
0.018247
0.018247
0.018261
0.018533
0.018533
0.018989
0.018989
0.019032
0.019032
0.019055
0.019055
0.01934
0.01934
0.019828
0.019828
0.020105
0.020105
0.020258
0.020258
0.020652
0.020652
0.02067
0.02067
0.020752
0.020752
0.020865
0.020865
0.020909
0.020909
0.021139
0.021139
0.021284
0.021284
0.021721
0.021721
0.021882
0.022084
0.022165
0.022165
0.02231
0.02231
0.022345
0.022345
0.022415
0.022415
0.022983
0.022983
0.023136
0.023136
0.023182
0.023182
0.023307
0.023307
0.023719
0.023719
0.023884
0.023884
0.023986
0.023986
0.024087
0.024087
0.024404
0.024404
0.024818
0.024818
0.024956
0.024956
0.025231
0.025231
0.025454
0.025454
0.025596
0.025596
0.025637
0.025637
0.02576
0.025772
0.025855
0.025855
0.025939
0.025939
0.025956
0.025956
0.026454
0.026454
0.026539
0.026539
0.026632
0.026632
0.02702
0.02702
0.027246
0.027246
0.027435
0.027489
0.027489
0.027506
0.027506
0.027626
0.027626
0.027805
0.027805
0.027994
0.027994
0.028025
0.028065
0.028065
0.028731
0.028731
0.028856
0.028856
0.028901
0.028901
0.028931
0.028931
0.029408
0.029579
0.029579
0.029584
0.029584
0.029842
0.029842
0.030029
0.030029
0.03007
0.03007
0.030115
0.030115
0.030147
0.030147
0.030463
0.030463
0.030602
0.030602
0.030693
0.030693
0.030745
0.030745
0.030816
0.030816
0.031008
0.031008
0.031308
0.031308
0.031341
0.031341
0.031345
0.031345
0.031634
0.031634
0.031651
0.031651
0.03214
0.03214
0.032287
0.032287
0.032346
0.032346
0.03262
0.032796
0.032796
0.032872
0.032872
0.03293
0.03293
0.033128
0.033128
0.033171
0.033297
0.033297
0.03334
0.03334
0.033421
0.033421
0.033854
0.033854
0.033854
0.033854
0.034013
0.034013
0.034094
0.034094
0.034422
0.034422
0.034549
0.034549
0.03474
0.03474
0.034936
0.034936
0.035189
0.035189
0.03521
0.03521
0.035382
0.035382
0.035532
0.035532
0.035788
0.035788
0.035828
0.035828
0.036061
0.036061
0.036243
0.036243
0.036315
0.036315
0.036331
0.036331
0.036654
0.036654
0.036944
0.036944
0.037023
0.037023
0.037027
0.037213
0.037311
0.037311
0.037386
0.037386
0.037389
0.037389
0.037463
0.037463
0.037509
0.037509
0.037646
0.037704
0.037704
0.03792
0.03792
0.037936
0.037936
0.037948
0.037948
0.038683
0.038683
0.038748
0.038748
0.038912
0.038912
0.039088
0.039088
0.039442
0.039442
0.039451
0.039451
0.039713
0.039713
0.039826
0.039826
0.039936
0.039936
0.04014
0.04014
0.040242
0.040242
0.040252
0.040252
0.040443
0.040443
0.040571
0.040644
0.040644
0.040653
0.040653
0.040776
0.040776
0.041032
0.041032
0.041271
0.041271
0.041295
0.041295
0.041598
0.041598
0.041718
0.041858
0.041858
0.041927
0.041927
0.042014
0.042014
0.04213
0.04213
0.042466
0.042466
0.042585
0.042585
0.042766
0.042771
0.042771
0.042805
0.042805
0.042966
0.042966
0.042983
0.042983
0.043029
0.043029
0.043465
0.043465
0.043524
0.043524
0.043799
0.043799
0.043829
0.043829
0.044071
0.044071
0.044156
0.044156
0.044172
0.044172
0.044257
0.044257
0.044652
0.044652
0.044743
0.044743
0.044802
0.044802
0.04483
0.04483
0.045013
0.045204
0.045204
0.045393
0.045393
0.045521
0.045521
0.045554
0.045554
0.045801
0.045801
0.045801
0.045801
0.045864
0.045864
0.046058
0.046058
0.046376
0.046376
0.046604
0.046604
0.04685
0.047128
0.047128
0.047166
0.047166
0.047172
0.047172
0.047243
0.047243
0.047602
0.047602
0.047652
0.047652
0.048018
0.048018
0.048286
0.048299
0.048299
0.048348
0.048348
0.048565
0.048565
0.048886
0.048886
0.048933
0.048933
0.049063
0.049063
0.04907
0.04907
0.04942
0.04942
0.049721
0.049721
0.049762
0.049762
0.049846
0.049846
0.049884
0.049884
0.050129
0.050129
0.050433
0.050433
0.05045
0.05045
0.05045
0.050778
0.050778
0.050939
0.050939
0.050997
0.050997
0.051387
0.051387
0.051523
0.051523
0.051542
0.051542
0.051882
0.051882
0.051993
0.051993
0.051996
0.051996
0.052019
0.052019
0.052311
0.052311
0.052429
0.05269
0.052714
0.052714
0.0529
0.0529
0.053105
0.053105
0.053105
0.053105
0.053277
0.053277
0.0533
0.0533
0.053362
0.053362
0.053509
0.053509
0.053554
0.053554
0.054037
0.054037
0.05424
0.05424
0.054318
0.054318
0.054465
0.054465
0.054533
0.054533
0.054591
0.054672
0.054672
0.054865
0.054865
0.054867
0.054867
0.054887
0.054887
0.054925
0.054925
0.055359
0.055359
0.055415
0.055415
0.055974
0.055974
0.056013
0.056013
0.056191
0.056191
0.056221
0.056221
0.056242
0.056242
0.056476
0.056476
0.056707
0.056707
0.056856
0.056856
0.056862
0.056862
0.057104
0.057104
0.057118
0.057118
0.057211
0.057211
0.057903
0.057903
0.058062
0.058062
0.058274
0.058282
0.058282
0.058717
0.058717
0.058756
0.058756
0.058938
0.058938
0.058954
0.058954
0.059071
0.059071
0.059256
0.059712
0.059712
0.059744
0.059744
0.059775
0.05996
0.05996
0.060116
0.060116
0.060126
0.060126
0.060225
0.060225
0.060271
0.060271
0.060779
0.060779
0.060785
0.060785
0.060964
0.060964
0.061044
0.061044
0.061051
0.061051
0.061143
0.061143
0.061595
0.061595
0.06181
0.06181
0.062163
0.062266
0.062266
0.062321
0.062321
0.062334
0.062334
0.062376
0.062376
0.062623
0.062623
0.062644
0.062644
0.062906
0.062906
0.063038
0.063038
0.063707
0.063707
0.063735
0.063735
0.063783
0.063783
0.063916
0.063916
0.06395
0.06395
0.064089
0.064089
0.064132
0.064132
0.064481
0.064481
0.064629
0.064629
0.064716
0.064716
0.0648
0.0648
0.06495
0.06495
0.06504
0.06504
0.065409
0.065409
0.065819
0.065819
0.065835
0.065835
0.06598
0.06598
0.066
0.066
0.066407
0.066407
0.066515
0.066532
0.066532
0.066703
0.066703
0.066771
0.066771
0.066842
0.066842
0.067209
0.067209
0.067326
0.067326
0.067441
0.067441
0.06761
0.06783
0.06783
0.067847
0.067847
0.06809
0.06809
0.068147
0.068147
0.068444
0.068444
0.068519
0.068519
0.069113
0.069113
0.069562
0.069562
0.069568
0.069568
0.069861
0.069861
0.069876
0.069876
0.070074
0.070074
0.070158
0.070158
0.070369
0.070369
0.07073
0.07073
0.0708
0.0708
0.071203
0.071203
0.071237
0.071237
0.071292
0.071292
0.07141
0.071469
0.071469
0.072047
0.072047
0.072101
0.072101
0.072108
0.072108
0.072179
0.072179
0.072359
0.072359
0.07237
0.07237
0.072393
0.072412
0.072412
0.073099
0.073099
0.073131
0.073131
0.073308
0.073308
0.073459
0.073459
0.073991
0.073991
0.074012
0.074012
0.074291
0.074326
0.074326
0.074701
0.074701
0.074849
0.074849
0.074862
0.074862
0.075134
0.075319
0.075319
0.076211
0.076211
0.076372
0.076372
0.076626
0.076644
0.076644
0.076915
0.076915
0.076932
0.076932
0.077208
0.077208
0.077438
0.077438
0.078127
0.078127
0.078643
0.078643
0.078734
0.078734
0.078869
0.078869
0.078982
0.078982
0.079034
0.079034
0.079231
0.079231
0.079244
0.079244
0.079358
0.079358
0.079546
0.079546
0.079629
0.079629
0.080035
0.080035
0.080483
0.080483
0.080765
0.080765
0.081647
0.081647
0.081882
0.081882
0.082034
0.082034
0.082248
0.082248
0.08236
0.08236
0.082437
0.0825
0.0825
0.082511
0.082519
0.082519
0.08259
0.08259
0.082714
0.082714
0.082838
0.082838
0.083419
0.083419
0.083648
0.083648
0.084334
0.084334
0.084551
0.084551
0.084559
0.08466
0.08466
0.084724
0.084724
0.084987
0.084987
0.085057
0.085057
0.085427
0.085427
0.085728
0.085728
0.085849
0.086032
0.086032
0.086131
0.086131
0.086371
0.086371
0.086382
0.086382
0.08641
0.08641
0.08647
0.08647
0.087416
0.087416
0.087552
0.087552
0.087632
0.087632
0.087708
0.087708
0.087746
0.087746
0.087803
0.088044
0.088044
0.088262
0.088262
0.088624
0.088624
0.088903
0.088903
0.0892
0.0892
0.089318
0.089318
0.089998
0.089998
0.09017
0.09017
0.090218
0.090218
0.090536
0.090536
0.090577
0.090577
0.090988
0.090988
0.091231
0.091231
0.091419
0.091419
0.09143
0.09143
0.091507
0.091544
0.091544
0.092182
0.092182
0.09238
0.09238
0.092448
0.092448
0.092467
0.092467
0.092647
0.092647
0.092886
0.092886
0.093453
0.093453
0.093832
0.093832
0.094873
0.094873
0.095086
0.095086
0.095111
0.095111
0.095226
0.095226
0.095526
0.095526
0.095697
0.096096
0.096113
0.096113
0.096247
0.096247
0.096341
0.096341
0.096503
0.096503
0.096895
0.096895
0.096956
0.096956
0.097634
0.097634
0.097786
0.097786
0.097788
0.097788
0.098726
0.098726
0.09933
0.09933
0.099352
0.099352
0.099677
0.099677
0.099825
0.099825
0.099904
0.099904
0.10032
0.10032
0.10069
0.10069
0.1008
0.1008
0.10151
0.10151
0.1022
0.1022
0.10226
0.10226
0.10246
0.10261
0.10261
0.10309
0.10309
0.10353
0.10353
0.10373
0.10373
0.10382
0.10382
0.10384
0.10384
0.1042
0.1042
0.10423
0.10475
0.10475
0.10486
0.10486
0.10506
0.10506
0.10573
0.10573
0.10589
0.10589
0.10686
0.10686
0.10696
0.10717
0.10717
0.1072
0.1072
0.10756
0.10756
0.10779
0.10779
0.10792
0.10792
0.1082
0.10845
0.10845
0.10891
0.10891
0.10898
0.10898
0.10904
0.10904
0.10939
0.10939
0.1095
0.1095
0.10954
0.10954
0.10959
0.10959
0.10975
0.10975
0.10991
0.10991
0.11048
0.11048
0.11058
0.11058
0.11102
0.11102
0.11107
0.11161
0.11161
0.1117
0.1117
0.11239
0.11239
0.11251
0.11251
0.11289
0.11289
0.113
0.113
0.11357
0.11357
0.11454
0.11454
0.11461
0.11461
0.11496
0.11496
0.11509
0.11509
0.11509
0.11509
0.11537
0.11537
0.11617
0.11617
0.11691
0.11691
0.11708
0.11708
0.11764
0.11764
0.11789
0.11789
0.11853
0.11853
0.11887
0.11887
0.11938
0.11956
0.11956
0.1199
0.1199
0.12035
0.12035
0.12072
0.12072
0.12075
0.12075
0.12107
0.12138
0.12138
0.12144
0.12144
0.12157
0.12157
0.1221
0.1221
0.12215
0.12215
0.12219
0.12254
0.12254
0.12255
0.12255
0.12308
0.12308
0.12319
0.12319
0.1232
0.1232
0.12403
0.12403
0.12437
0.12437
0.12594
0.12594
0.12597
0.12597
0.12599
0.12599
0.12632
0.12632
0.12707
0.12707
0.12774
0.12774
0.12791
0.12806
0.12806
0.1284
0.1284
0.12873
0.12873
0.12877
0.12877
0.12907
0.12912
0.12912
0.12935
0.12956
0.12956
0.13071
0.13071
0.13089
0.13089
0.13091
0.13091
0.13104
0.13104
0.13115
0.13115
0.13123
0.13123
0.1317
0.1317
0.13172
0.13172
0.13201
0.13201
0.13219
0.13219
0.13234
0.13234
0.13241
0.13241
0.13248
0.13248
0.13248
0.13248
0.13306
0.13306
0.13328
0.13328
0.13367
0.13367
0.13387
0.13387
0.1344
0.1344
0.13473
0.13473
0.13576
0.13576
0.1366
0.1366
0.13679
0.13679
0.13682
0.13682
0.13765
0.13765
0.13778
0.13778
0.1378
0.1378
0.13794
0.13794
0.13813
0.13813
0.13943
0.13943
0.13987
0.14116
0.14116
0.14121
0.14121
0.14126
0.14126
0.1421
0.1421
0.14243
0.14243
0.14311
0.14311
0.14343
0.14343
0.14351
0.14444
0.14444
0.14564
0.14564
0.14596
0.14598
0.14598
0.14646
0.14646
0.14679
0.14679
0.147
0.147
0.14721
0.14721
0.14763
0.14763
0.14821
0.14821
0.14913
0.14913
0.14922
0.14922
0.1493
0.1493
0.14949
0.14949
0.14975
0.14975
0.15005
0.15005
0.15018
0.15018
0.15135
0.15135
0.15181
0.15181
0.15253
0.15253
0.15361
0.15361
0.15385
0.15385
0.15486
0.15486
0.15532
0.15532
0.15556
0.15556
0.15642
0.15642
0.15729
0.15729
0.15763
0.15763
0.15817
0.15817
0.15852
0.15852
0.159
0.15928
0.15928
0.15997
0.15997
0.16077
0.16077
0.16119
0.16119
0.16129
0.16129
0.16145
0.16145
0.16169
0.16169
0.1625
0.1625
0.16255
0.16255
0.16285
0.16285
0.16297
0.16297
0.16307
0.16307
0.16407
0.16431
0.16431
0.16624
0.16624
0.16662
0.16662
0.16662
0.16677
0.16677
0.16686
0.16686
0.16752
0.16752
0.16753
0.16753
0.16775
0.16775
0.16808
0.16808
0.169
0.169
0.17064
0.17064
0.17078
0.17139
0.17139
0.17224
0.17224
0.17276
0.17276
0.17288
0.17288
0.17307
0.17307
0.17318
0.17318
0.17366
0.17366
0.17392
0.17392
0.17426
0.17426
0.17462
0.17462
0.17536
0.17536
0.17541
0.17541
0.17597
0.17597
0.17639
0.17683
0.17683
0.17721
0.17721
0.17729
0.17729
0.17803
0.17803
0.17819
0.17819
0.17827
0.17827
0.17847
0.17847
0.17957
0.18004
0.18026
0.18026
0.1804
0.1804
0.18137
0.18137
0.18148
0.18148
0.1815
0.1815
0.18156
0.18156
0.18195
0.18195
0.1824
0.1824
0.18292
0.18292
0.18382
0.18382
0.18481
0.18481
0.18533
0.18533
0.18552
0.18552
0.18603
0.18603
0.1861
0.1861
0.18618
0.18618
0.18691
0.18798
0.18837
0.18837
0.18851
0.18851
0.18886
0.18886
0.18929
0.18929
0.18947
0.18947
0.18968
0.18968
0.18974
0.18974
0.19013
0.19013
0.19093
0.19093
0.19214
0.19214
0.19248
0.19248
0.19258
0.19258
0.19357
0.19357
0.19384
0.19384
0.19589
0.19589
0.1969
0.1969
0.19733
0.19733
0.19751
0.19751
0.19754
0.19754
0.19767
0.19788
0.1981
0.1981
0.1981
0.1981
0.19839
0.19839
0.19863
0.19863
0.19911
0.19911
0.19948
0.19948
0.20066
0.20066
0.201
0.201
0.20124
0.20124
0.20128
0.20128
0.20223
0.20223
0.20251
0.20276
0.20276
0.20285
0.20285
0.20312
0.20312
0.20482
0.20482
0.20499
0.20499
0.20509
0.20509
0.2056
0.2056
0.20562
0.20562
0.20576
0.20576
0.20606
0.20606
0.20647
0.20647
0.20688
0.20688
0.20689
0.20689
0.20717
0.20717
0.20858
0.20858
0.20921
0.20921
0.20923
0.20923
0.20928
0.20928
0.21044
0.21044
0.21069
0.21069
0.21126
0.21126
0.21169
0.21169
0.21173
0.21173
0.21175
0.21175
0.2124
0.2124
0.2133
0.2133
0.21365
0.21365
0.21412
0.21412
0.21422
0.21422
0.21466
0.21466
0.21554
0.21574
0.21574
0.21597
0.21597
0.21675
0.21675
0.21733
0.21733
0.21764
0.21764
0.21843
0.21843
0.21973
0.21973
0.22045
0.22045
0.22095
0.22095
0.22095
0.22095
0.22133
0.22133
0.22196
0.22196
0.22198
0.22198
0.22366
0.22366
0.22381
0.22381
0.22407
0.22407
0.22495
0.22495
0.22532
0.22532
0.22692
0.22692
0.22782
0.22782
0.22788
0.22788
0.22847
0.22847
0.22849
0.22849
0.22851
0.22851
0.22906
0.22906
0.22939
0.22939
0.23145
0.23145
0.23155
0.23155
0.23278
0.23278
0.23297
0.23297
0.23311
0.23322
0.23322
0.23362
0.23362
0.23465
0.23472
0.23472
0.23498
0.23522
0.23605
0.23605
0.23606
0.23606
0.2366
0.2366
0.23664
0.23664
0.23878
0.23878
0.239
0.239
0.23904
0.23904
0.23932
0.23932
0.23994
0.23994
0.24039
0.24039
0.24067
0.24067
0.24086
0.24086
0.24169
0.24169
0.24172
0.24172
0.24182
0.24182
0.24221
0.24221
0.24229
0.24229
0.24253
0.24253
0.24255
0.24255
0.24346
0.24346
0.24402
0.24402
0.24456
0.24456
0.24496
0.24496
0.24533
0.24533
0.2455
0.2455
0.24613
0.24615
0.24615
0.24685
0.24685
0.24713
0.24713
0.24774
0.24774
0.24793
0.24843
0.24843
0.24973
0.24973
0.24997
0.24997
0.25029
0.25029
0.25042
0.25042
0.25083
0.25083
0.25098
0.25098
0.25131
0.25131
0.25141
0.25141
0.25232
0.25232
0.25297
0.25297
0.25334
0.25334
0.25343
0.25343
0.25404
0.25404
0.25444
0.25444
0.25481
0.25481
0.25519
0.25519
0.25588
0.25588
0.25628
0.25628
0.25653
0.25653
0.25678
0.25678
0.25815
0.25815
0.25858
0.25858
0.25903
0.25983
0.25983
0.26004
0.26004
0.26079
0.26079
0.26148
0.26148
0.2621
0.26413
0.26413
0.26421
0.26421
0.2652
0.2652
0.26593
0.26593
0.26626
0.26626
0.26654
0.26654
0.26721
0.26721
0.26842
0.26842
0.26868
0.26868
0.26977
0.26977
0.27029
0.27029
0.27115
0.27203
0.27203
0.27222
0.27222
0.27291
0.27291
0.27299
0.27299
0.27362
0.27362
0.27373
0.27373
0.27449
0.27449
0.27466
0.27466
0.27497
0.27497
0.27548
0.27548
0.27599
0.27599
0.27657
0.27657
0.2766
0.2766
0.27676
0.27676
0.27687
0.27687
0.27691
0.27691
0.27781
0.27781
0.27786
0.27786
0.28015
0.28015
0.28042
0.28042
0.28227
0.28227
0.28238
0.28268
0.28272
0.28272
0.28297
0.28297
0.28338
0.28338
0.28422
0.28422
0.28432
0.28569
0.28569
0.28621
0.28621
0.28645
0.28645
0.28652
0.28652
0.28783
0.28783
0.28822
0.28822
0.28929
0.29082
0.29082
0.291
0.291
0.29166
0.29166
0.29296
0.29296
0.2931
0.2931
0.29567
0.29567
0.29582
0.29582
0.2964
0.2964
0.298
0.298
0.29893
0.29893
0.29935
0.29935
0.29999
0.29999
0.30029
0.30029
0.3003
0.3003
0.30048
0.30048
0.3005
0.3005
0.30111
0.30111
0.30115
0.30115
0.30141
0.30141
0.30169
0.30169
0.30197
0.30197
0.30218
0.30218
0.30303
0.30303
0.30434
0.30434
0.30554
0.30554
0.30632
0.30636
0.30636
0.30797
0.30797
0.30798
0.30798
0.30815
0.30815
0.30838
0.30838
0.30968
0.30968
0.3103
0.3103
0.31063
0.31088
0.31088
0.31133
0.31133
0.31329
0.31329
0.31592
0.31592
0.31596
0.31596
0.31837
0.31837
0.31874
0.31874
0.31935
0.31935
0.32157
0.32157
0.3217
0.3217
0.32362
0.32362
0.32365
0.32365
0.32466
0.32623
0.32623
0.32647
0.32749
0.32749
0.32912
0.32912
0.33005
0.33005
0.33297
0.33297
0.33337
0.33337
0.33358
0.33358
0.33407
0.33407
0.33621
0.33621
0.33621
0.33621
0.33726
0.33726
0.3379
0.3379
0.33822
0.33822
0.34294
0.34294
0.34377
0.34377
0.34387
0.34387
0.34541
0.34541
0.346
0.346
0.34784
0.35001
0.35001
0.35364
0.35364
0.35857
0.35857
0.36368
0.36368
0.37989
0.37989
0.38366
0.38366
0.39677
0.39677
0.39823
0.39823
0.40302
0.40884
0.40884
0.40968
0.40968
0.42891
0.42891
0.43166
0.43166
0.43836
0.43836
0.44933
0.44933
0.45593
0.45593
0.46212
0.46212
0.47025
0.47025
0.47498
0.47917
0.47917
0.49819
0.49819
0.49884
0.49884
0.5086
0.5086
0.51222
0.51222
0.52394
0.52394
0.53936
0.53936
0.54449
0.54497
0.54497
0.56088
0.56088
0.56701
0.56701
0.57805
0.57805
0.59084
0.59084
0.60904
0.60904
0.6095
0.6095
0.61511
0.63667
0.63667
0.65036
0.65036
0.6593
0.6593
0.68304
0.68304
0.69093
0.7114
0.7114
0.73024
0.73024
0.7668
0.7668
0.77813
0.82619
0.82619
0.89067
