0.00054462
0.00054462
0.00054648
0.00054648
0.00057362
0.00057362
0.00059266
0.00059266
0.00062486
0.00062486
0.00069103
0.00069103
0.00070848
0.00070848
0.00076456
0.00076456
0.00083738
0.00083738
0.00090162
0.00090162
0.0009446
0.0009446
0.0014028
0.0014028
0.002277
0.002277
0.00389
0.00389
0.0066548
0.0066548
0.008617
0.010896
0.010896
0.012056
0.012056
0.012128
0.012128
0.012323
0.012323
0.012643
0.012643
0.012837
0.012837
0.013401
0.013511
0.013511
0.013721
0.013721
0.014268
0.014268
0.015031
0.015031
0.015111
0.015111
0.015496
0.015496
0.015734
0.015734
0.016324
0.016324
0.016557
0.016557
0.018099
0.018099
0.019778
0.020567
0.020567
0.021604
0.021604
0.022327
0.022327
0.02277
0.02277
0.023184
0.023703
0.023703
0.024706
0.024706
0.025953
0.025953
0.026409
0.026492
0.026749
0.026749
0.02726
0.02726
0.027684
0.027684
0.028274
0.028565
0.028565
0.029
0.029
0.029194
0.029194
0.029771
0.029771
0.030052
0.0302
0.0302
0.030615
0.030615
0.030806
0.030806
0.031209
0.031209
0.031211
0.031211
0.031402
0.031402
0.031749
0.031749
0.032016
0.032081
0.032081
0.032188
0.032188
0.032264
0.032264
0.032529
0.032529
0.03264
0.03264
0.032721
0.032721
0.032835
0.032835
0.032867
0.032867
0.032925
0.032925
0.033049
0.033049
0.033084
0.033109
0.033109
0.033178
0.033178
0.033187
0.033187
0.033204
0.033204
0.033243
0.033243
0.033256
0.033256
0.033274
0.033274
0.033276
0.033276
0.0333
0.0333
0.033354
0.033354
0.033363
0.033363
0.033373
0.033373
0.033379
0.033379
0.03343
0.03343
0.033431
0.033431
0.033455
0.033455
0.033459
0.033459
0.033478
0.033478
0.033481
0.033481
0.033488
0.033488
0.033492
0.033492
0.033494
0.033494
0.033535
0.033535
0.033538
0.033538
0.033567
0.033567
0.033581
0.033581
0.033584
0.033584
0.033586
0.033586
0.033592
0.033592
0.033596
0.033596
0.033633
0.033633
0.033634
0.033634
0.03365
0.03365
0.033652
0.033652
0.033681
0.033681
0.033683
0.033683
0.033691
0.033692
0.033692
0.033694
0.033694
0.033699
0.033699
0.033699
0.033699
0.033704
0.033704
0.03374
0.03374
0.033741
0.033741
0.033746
0.033746
0.033761
0.033761
0.033797
0.033797
0.033799
0.033799
0.033811
0.033811
0.033817
0.033817
0.033848
0.033848
0.033854
0.033854
0.033856
0.033856
0.033864
0.033864
0.033865
0.033865
0.033889
0.033889
0.033899
0.033899
0.03392
0.03392
0.033944
0.033944
0.03395
0.03395
0.033962
0.033962
0.033981
0.033981
0.033995
0.033995
0.034003
0.034003
0.03401
0.03401
0.034026
0.034026
0.03403
0.03403
0.034032
0.034032
0.034063
0.034063
0.034068
0.034068
0.034074
0.034111
0.034111
0.034113
0.034113
0.034122
0.034122
0.034153
0.034153
0.034155
0.034155
0.034183
0.034183
0.034185
0.034185
0.034199
0.034199
0.034221
0.034221
0.034226
0.034226
0.034231
0.034231
0.034271
0.034271
0.034297
0.034297
0.034319
0.034319
0.034328
0.034328
0.03434
0.03434
0.034345
0.034345
0.034345
0.034345
0.034363
0.034403
0.034403
0.034431
0.034431
0.034441
0.034441
0.034469
0.034469
0.034487
0.034487
0.03449
0.03449
0.034499
0.034499
0.034504
0.034504
0.034515
0.034515
0.034583
0.034583
0.034589
0.034589
0.034623
0.034639
0.034639
0.034664
0.034664
0.03467
0.03467
0.034676
0.034676
0.034708
0.034708
0.034712
0.034712
0.034721
0.034721
0.034741
0.034741
0.034834
0.034834
0.034838
0.034838
0.034858
0.034858
0.034882
0.034887
0.034887
0.034904
0.034904
0.034907
0.034907
0.034929
0.034929
0.034985
0.034985
0.035003
0.035003
0.035052
0.035052
0.03509
0.03509
0.035093
0.035093
0.035144
0.035144
0.035145
0.035145
0.035146
0.035146
0.03515
0.035251
0.035251
0.035252
0.035252
0.035269
0.035269
0.035326
0.035326
0.035327
0.035327
0.035346
0.035346
0.03535
0.03535
0.035379
0.035379
0.03539
0.03539
0.035404
0.035404
0.03542
0.035457
0.035457
0.035459
0.035459
0.035515
0.035515
0.035533
0.035533
0.035533
0.035533
0.03559
0.03559
0.035594
0.035594
0.035611
0.035611
0.035659
0.035659
0.035663
0.035663
0.035681
0.035692
0.035692
0.035765
0.035765
0.035777
0.035777
0.035779
0.035779
0.035812
0.035812
0.035862
0.035862
0.035863
0.035863
0.0359
0.0359
0.035919
0.03595
0.03595
0.035952
0.035985
0.035985
0.035987
0.035987
0.035993
0.035993
0.035994
0.036039
0.036039
0.03605
0.03605
0.036111
0.036111
0.036118
0.036131
0.036131
0.036162
0.036162
0.036215
0.036215
0.036221
0.036221
0.036265
0.036272
0.036272
0.036307
0.036307
0.036312
0.036312
0.036337
0.036337
0.036351
0.03639
0.036394
0.036394
0.036442
0.036442
0.036461
0.036461
0.036466
0.036469
0.036469
0.036499
0.036499
0.036499
0.036499
0.037288
0.037288
0.037883
0.037883
0.038224
0.038224
0.038656
0.038656
0.039422
0.039422
0.03971
0.039831
0.039831
0.039848
0.039848
0.040119
0.040119
0.040133
0.040133
0.040232
0.040232
0.040786
0.040786
0.040803
0.040803
0.040902
0.040902
0.040966
0.040966
0.041084
0.041084
0.041134
0.041134
0.041167
0.041167
0.041243
0.041243
0.041255
0.041255
0.041284
0.041284
0.041338
0.041338
0.041413
0.041413
0.041435
0.041435
0.041454
0.041454
0.041528
0.041574
0.041574
0.041597
0.041597
0.04161
0.04161
0.041623
0.041623
0.041638
0.041638
0.041672
0.041672
0.04169
0.04169
0.041704
0.041704
0.041766
0.041766
0.04178
0.04178
0.041818
0.041818
0.041838
0.041838
0.041879
0.041879
0.041883
0.041883
0.041887
0.041887
0.041916
0.041916
0.041938
0.041938
0.041943
0.041943
0.041988
0.041988
0.042002
0.042002
0.042048
0.042048
0.042049
0.042049
0.042053
0.042053
0.042066
0.042066
0.042076
0.042076
0.042095
0.042095
0.042095
0.042095
0.042097
0.042097
0.042113
0.042113
0.042161
0.042161
0.042163
0.042163
0.042163
0.042163
0.042242
0.042242
0.042243
0.042243
0.042246
0.042246
0.042269
0.042269
0.04228
0.04228
0.042284
0.042284
0.042303
0.042303
0.042314
0.042314
0.04232
0.04232
0.042329
0.042329
0.042359
0.042359
0.042365
0.042365
0.042401
0.042401
0.042417
0.042417
0.042418
0.042421
0.042421
0.042421
0.042421
0.042421
0.042421
0.042424
0.042424
0.042436
0.042436
0.042455
0.042455
0.042515
0.042515
0.042525
0.042525
0.042529
0.042529
0.042592
0.042592
0.042594
0.042594
0.042595
0.042595
0.04261
0.04261
0.042613
0.042613
0.042626
0.042626
0.04266
0.04266
0.042661
0.042661
0.042674
0.042674
0.042675
0.042675
0.042678
0.042678
0.042685
0.042685
0.042686
0.042686
0.042746
0.042746
0.042792
0.042792
0.042794
0.042794
0.042803
0.042803
0.042806
0.042806
0.042858
0.042858
0.04286
0.04286
0.042864
0.042864
0.042871
0.042871
0.042894
0.042942
0.042942
0.042982
0.042982
0.042983
0.042983
0.042992
0.042992
0.043007
0.043007
0.043022
0.043022
0.04303
0.04303
0.043053
0.043053
0.043056
0.043056
0.043057
0.043057
0.043068
0.043068
0.043136
0.043136
0.04316
0.04316
0.043169
0.043169
0.043177
0.043177
0.043199
0.043199
0.043218
0.043239
0.043239
0.043258
0.043258
0.043292
0.043292
0.043297
0.043297
0.043313
0.043313
0.043354
0.043354
0.043373
0.043373
0.043401
0.043401
0.043463
0.043463
0.043464
0.043464
0.043483
0.043483
0.043488
0.043488
0.043489
0.043489
0.043496
0.043496
0.043518
0.043538
0.043538
0.043562
0.043562
0.043574
0.043574
0.043593
0.043638
0.043638
0.043664
0.043664
0.043677
0.043677
0.043783
0.043783
0.043787
0.043787
0.043843
0.043843
0.043847
0.043847
0.043855
0.043866
0.043866
0.043876
0.043876
0.043892
0.043892
0.0439
0.0439
0.043933
0.043933
0.043998
0.043998
0.044023
0.044023
0.044097
0.044097
0.044127
0.044127
0.044157
0.044157
0.044218
0.044218
0.04422
0.04422
0.044242
0.044242
0.044244
0.044266
0.044266
0.044313
0.044313
0.04438
0.04438
0.044417
0.044417
0.044433
0.044433
0.044565
0.044565
0.044575
0.044575
0.044614
0.044614
0.044649
0.044649
0.04465
0.04465
0.044651
0.044651
0.044673
0.044673
0.04468
0.044786
0.044786
0.04479
0.04479
0.044881
0.044881
0.044904
0.044904
0.044933
0.044933
0.045016
0.045016
0.045022
0.045022
0.045027
0.045027
0.045051
0.045051
0.045069
0.045069
0.045144
0.045234
0.045234
0.045267
0.045267
0.045342
0.045342
0.045381
0.045381
0.045432
0.045432
0.045456
0.045456
0.045468
0.045468
0.045554
0.045554
0.045607
0.045727
0.045727
0.045789
0.045789
0.045826
0.045826
0.045835
0.045835
0.045863
0.045863
0.045891
0.045891
0.045949
0.045949
0.046042
0.04615
0.04615
0.046191
0.046191
0.046214
0.046214
0.046217
0.046217
0.046245
0.046245
0.04641
0.04642
0.046513
0.046513
0.046526
0.046526
0.046551
0.046551
0.046603
0.046603
0.046634
0.046634
0.04672
0.046783
0.046783
0.046822
0.046822
0.046934
0.046934
0.046934
0.047005
0.047005
0.047105
0.047105
0.047105
0.047188
0.047188
0.047318
0.047318
0.047325
0.047325
0.047363
0.047478
0.048131
0.048131
0.048748
0.048748
0.048966
0.048966
0.049009
0.049009
0.049378
0.049378
0.049452
0.049452
0.050177
0.050177
0.050521
0.050521
0.052147
0.052511
0.052511
0.052515
0.052515
0.053512
0.053512
0.054043
0.054043
0.054044
0.054044
0.054218
0.054218
0.054253
0.054253
0.054274
0.054274
0.054291
0.054291
0.054323
0.054323
0.05442
0.05442
0.054485
0.054485
0.05451
0.05451
0.05455
0.05455
0.054692
0.054692
0.054697
0.054697
0.054727
0.054727
0.054787
0.054787
0.05481
0.05481
0.054913
0.054913
0.054929
0.054929
0.05505
0.05505
0.055079
0.055079
0.05519
0.05519
0.055192
0.055192
0.055262
0.055262
0.05538
0.05538
0.055407
0.055407
0.055418
0.055418
0.055447
0.055447
0.055463
0.055463
0.055474
0.055474
0.055572
0.055572
0.055602
0.05568
0.05568
0.05569
0.05569
0.055692
0.055692
0.055716
0.055716
0.055723
0.055723
0.055781
0.055781
0.055871
0.055871
0.055881
0.055881
0.055897
0.055897
0.055982
0.055982
0.056016
0.056016
0.05603
0.05603
0.056148
0.056148
0.056158
0.056158
0.05616
0.05616
0.056166
0.056166
0.0562
0.0562
0.056271
0.056271
0.056276
0.056276
0.056374
0.056374
0.056428
0.056428
0.056437
0.056437
0.056468
0.056468
0.056485
0.056485
0.056487
0.056487
0.056513
0.056513
0.05654
0.05654
0.05654
0.05654
0.056578
0.056578
0.056614
0.056614
0.056697
0.056697
0.056708
0.056708
0.056721
0.056721
0.05678
0.05678
0.05679
0.05679
0.056831
0.056831
0.056839
0.056839
0.056847
0.056847
0.056888
0.056888
0.056889
0.056889
0.056918
0.056932
0.056932
0.056939
0.056939
0.056947
0.056947
0.05696
0.05696
0.056965
0.056965
0.057003
0.057003
0.057013
0.057013
0.057015
0.057015
0.057021
0.057021
0.057038
0.057038
0.057063
0.057063
0.057068
0.057068
0.057086
0.057086
0.057113
0.057113
0.057166
0.057166
0.057177
0.057177
0.057178
0.057178
0.057201
0.057201
0.057208
0.057208
0.057243
0.057243
0.05729
0.05729
0.057311
0.057311
0.057324
0.057324
0.057324
0.057324
0.057349
0.057349
0.057379
0.057379
0.057384
0.057396
0.057396
0.057436
0.057436
0.057449
0.057449
0.057473
0.057473
0.057482
0.057482
0.0575
0.0575
0.057518
0.057518
0.057553
0.057571
0.057571
0.057582
0.0576
0.0576
0.057654
0.057654
0.057669
0.057669
0.057676
0.057676
0.057696
0.057696
0.057705
0.057705
0.057739
0.057739
0.057764
0.057764
0.057784
0.057902
0.057902
0.05793
0.05793
0.057998
0.057998
0.05801
0.05801
0.058036
0.058036
0.058061
0.058061
0.058077
0.058077
0.058109
0.058259
0.058259
0.058301
0.058301
0.058364
0.058364
0.05842
0.05842
0.058453
0.058453
0.058463
0.058463
0.058511
0.058511
0.058578
0.058578
0.058594
0.058609
0.058609
0.058631
0.058631
0.05868
0.05868
0.058863
0.058863
0.059083
0.059083
0.059107
0.059107
0.059123
0.059123
0.05919
0.05919
0.059236
0.059236
0.059239
0.059278
0.059278
0.059283
0.059283
0.059305
0.059305
0.059395
0.059395
0.059569
0.059569
0.059828
0.059828
0.059849
0.059849
0.059976
0.059976
0.059995
0.059995
0.06001
0.060029
0.060029
0.060059
0.060059
0.060127
0.060127
0.060142
0.060142
0.060379
0.060379
0.060602
0.060602
0.060652
0.060652
0.06081
0.06081
0.060842
0.060842
0.060855
0.060855
0.06086
0.060909
0.060909
0.060978
0.060978
0.061244
0.061244
0.061394
0.061394
0.061504
0.061504
0.06159
0.06159
0.061634
0.061634
0.061677
0.061677
0.061678
0.061678
0.061739
0.06181
0.06181
0.062108
0.062108
0.06223
0.06223
0.062337
0.062337
0.062433
0.062433
0.062448
0.062448
0.06259
0.062591
0.062591
0.062925
0.062925
0.0631
0.0631
0.063102
0.063102
0.063119
0.063119
0.063149
0.063149
0.06329
0.06329
0.063321
0.063321
0.063367
0.063655
0.063655
0.063798
0.063798
0.06387
0.06387
0.063944
0.063944
0.063978
0.063978
0.064034
0.0643
0.0643
0.064312
0.064312
0.064337
0.064337
0.064593
0.064631
0.064631
0.064726
0.064726
0.064754
0.064754
0.064952
0.064952
0.065047
0.065047
0.065097
0.065137
0.065521
0.065521
0.065925
0.065925
0.066194
0.066194
0.066384
0.066384
0.066665
0.066665
0.066696
0.066696
0.067322
0.067322
0.068151
0.068151
0.068276
0.068276
0.069129
0.069129
0.069545
0.069787
0.069787
0.070201
0.070201
0.070235
0.070235
0.071444
0.071444
0.072382
0.072382
0.07273
0.07273
0.074062
0.074062
0.074646
0.074646
0.074709
0.074709
0.075413
0.075413
0.075568
0.076758
0.076758
0.076848
0.076848
0.077066
0.077066
0.077334
0.077334
0.078089
0.078089
0.078181
0.078181
0.078261
0.078261
0.078355
0.078355
0.078443
0.078443
0.078599
0.078599
0.078681
0.078681
0.07879
0.07879
0.078838
0.078838
0.079054
0.079054
0.079114
0.079114
0.079307
0.079307
0.079337
0.079337
0.079391
0.079391
0.079415
0.079415
0.079417
0.079417
0.079429
0.079429
0.079608
0.079608
0.079632
0.079632
0.079654
0.079654
0.079701
0.079701
0.080081
0.080081
0.080116
0.080116
0.080192
0.080192
0.080203
0.080203
0.080271
0.080271
0.080303
0.080303
0.080322
0.080322
0.080338
0.080338
0.080522
0.080522
0.080641
0.080641
0.080659
0.080659
0.080677
0.080677
0.080784
0.080784
0.080812
0.080812
0.08097
0.08097
0.080988
0.080988
0.08108
0.08108
0.081104
0.081104
0.081107
0.081107
0.081141
0.081141
0.081161
0.081161
0.081184
0.081184
0.081252
0.081252
0.081303
0.081303
0.081409
0.081409
0.081417
0.081417
0.081488
0.081488
0.081654
0.081654
0.081676
0.081676
0.081759
0.081759
0.081911
0.081911
0.081911
0.081911
0.081979
0.081979
0.082004
0.082004
0.082122
0.082122
0.082132
0.082132
0.082143
0.082143
0.082188
0.082188
0.082274
0.082274
0.082283
0.082283
0.082291
0.082291
0.082296
0.082296
0.082488
0.082488
0.082513
0.082513
0.082574
0.082574
0.082666
0.082666
0.082677
0.082677
0.082713
0.082713
0.082727
0.082727
0.082727
0.082727
0.082738
0.082797
0.082797
0.082891
0.082891
0.08293
0.08293
0.082937
0.082937
0.083138
0.083138
0.083175
0.083175
0.083185
0.083185
0.083219
0.083219
0.083262
0.083262
0.083267
0.083267
0.083275
0.083275
0.083298
0.083298
0.08332
0.08332
0.08334
0.08334
0.083342
0.083342
0.083369
0.083369
0.083416
0.083416
0.083445
0.083445
0.083467
0.083467
0.083497
0.08351
0.08351
0.083524
0.083524
0.083542
0.083549
0.083549
0.083622
0.08364
0.08364
0.08375
0.08375
0.08377
0.083781
0.083781
0.083788
0.083788
0.083788
0.083788
0.083808
0.083808
0.083834
0.083834
0.083885
0.083885
0.083943
0.083943
0.083983
0.083983
0.08401
0.08401
0.084071
0.084071
0.084096
0.084096
0.084142
0.08416
0.08416
0.08422
0.08422
0.08426
0.08426
0.084272
0.084272
0.084289
0.084289
0.084304
0.084304
0.084371
0.084467
0.084467
0.084482
0.084482
0.08456
0.08456
0.084583
0.084583
0.084635
0.084635
0.084714
0.084714
0.084787
0.084787
0.084838
0.084838
0.084869
0.084869
0.084877
0.084877
0.084912
0.084912
0.084976
0.084976
0.084983
0.084983
0.085006
0.085024
0.085024
0.08504
0.08504
0.085072
0.085146
0.085146
0.085184
0.085184
0.085242
0.085242
0.085244
0.085244
0.085287
0.085287
0.085296
0.085303
0.085303
0.085353
0.085353
0.085429
0.085429
0.085486
0.085486
0.085506
0.085506
0.085688
0.085688
0.085703
0.085703
0.085737
0.085737
0.08589
0.08589
0.085904
0.085904
0.086073
0.086073
0.086083
0.086083
0.086139
0.086204
0.086204
0.086238
0.086238
0.086254
0.086254
0.08635
0.08635
0.086557
0.086557
0.086719
0.086719
0.086899
0.086899
0.087214
0.087214
0.087249
0.087249
0.087437
0.087437
0.087454
0.087479
0.087479
0.087638
0.087638
0.088062
0.088062
0.088091
0.088091
0.088405
0.088405
0.088634
0.088634
0.088636
0.088636
0.088669
0.088669
0.088826
0.088826
0.08886
0.0889
0.0889
0.089138
0.089138
0.089141
0.089141
0.089277
0.089503
0.089503
0.089517
0.089517
0.089769
0.089769
0.089769
0.089769
0.090102
0.090102
0.090271
0.090515
0.090515
0.090748
0.090748
0.0908
0.0908
0.090924
0.090924
0.091419
0.091419
0.091581
0.091581
0.09162
0.091703
0.091703
0.091779
0.091779
0.092203
0.092203
0.092267
0.092267
0.092453
0.092453
0.092861
0.092863
0.092863
0.093043
0.093043
0.0934
0.0934
0.093509
0.093509
0.093829
0.093829
0.093963
0.093991
0.093991
0.094212
0.094212
0.094499
0.094917
0.094917
0.095544
0.095544
0.097433
0.09808
0.09808
0.098092
0.098092
0.098142
0.098142
0.098174
0.098174
0.098217
0.098217
0.098255
0.098255
0.098402
0.098402
0.098499
0.098499
0.098551
0.098551
0.098572
0.098572
0.098994
0.098994
0.099755
0.099755
0.10083
0.10083
0.10146
0.10146
0.10225
0.10225
0.1029
0.1029
0.10403
0.10403
0.10465
0.10465
0.10466
0.10466
0.10475
0.10475
0.10487
0.1062
0.1062
0.10722
0.10722
0.10765
0.10765
0.1088
0.1088
0.11033
0.11033
0.11113
0.11113
0.11159
0.11159
0.1119
0.1119
0.11258
0.11258
0.11385
0.11431
0.11431
0.11545
0.11545
0.11599
0.11599
0.11684
0.11684
0.11686
0.11686
0.11694
0.11694
0.11708
0.11708
0.11722
0.11722
0.11727
0.11727
0.1175
0.1175
0.11775
0.11775
0.11801
0.11801
0.1183
0.1183
0.11861
0.11861
0.11883
0.11883
0.11896
0.11897
0.11897
0.11939
0.11939
0.11993
0.11993
0.1204
0.1204
0.12064
0.12064
0.12156
0.12156
0.12179
0.12179
0.1218
0.1218
0.12187
0.12187
0.12202
0.12202
0.12214
0.12214
0.12223
0.12223
0.12248
0.12248
0.12269
0.12269
0.12275
0.12275
0.12302
0.12302
0.12311
0.12311
0.12329
0.12329
0.12354
0.12354
0.12379
0.12379
0.12381
0.12381
0.12389
0.12404
0.12404
0.12409
0.12409
0.12409
0.12409
0.12417
0.12417
0.12417
0.12417
0.12432
0.12432
0.12433
0.12433
0.1245
0.1245
0.12466
0.12466
0.12471
0.12471
0.12471
0.12471
0.12493
0.12493
0.12506
0.12506
0.12515
0.12515
0.12534
0.12534
0.12544
0.12544
0.12546
0.12552
0.12552
0.12568
0.12568
0.12584
0.12584
0.12586
0.12586
0.12589
0.12589
0.12589
0.12589
0.12597
0.12597
0.12598
0.12598
0.126
0.126
0.12605
0.12608
0.12608
0.12609
0.12609
0.1262
0.1262
0.1262
0.1262
0.12632
0.12632
0.12642
0.12642
0.12643
0.12649
0.12649
0.12654
0.12654
0.12654
0.12654
0.12656
0.12656
0.12684
0.12703
0.12703
0.12716
0.12716
0.12725
0.12725
0.12731
0.12731
0.12734
0.12734
0.12735
0.12735
0.12737
0.12737
0.12738
0.1274
0.1274
0.12747
0.12747
0.12758
0.12758
0.12768
0.12768
0.12777
0.12777
0.12793
0.12793
0.12803
0.12803
0.12814
0.12814
0.12814
0.12834
0.12834
0.12837
0.12837
0.12853
0.12853
0.12857
0.12857
0.12872
0.12872
0.12883
0.12883
0.12891
0.12891
0.12893
0.12893
0.12897
0.12897
0.12917
0.12917
0.12919
0.12936
0.12936
0.12948
0.12948
0.12975
0.12975
0.1298
0.1298
0.12984
0.12984
0.1299
0.1299
0.13014
0.13014
0.13029
0.13029
0.13041
0.13041
0.13057
0.13057
0.13064
0.13081
0.13081
0.13103
0.13103
0.13103
0.13103
0.13149
0.13149
0.13156
0.13156
0.13166
0.13166
0.13178
0.13214
0.13215
0.13215
0.13233
0.13233
0.13236
0.13236
0.1326
0.13263
0.13263
0.13282
0.13282
0.13305
0.13305
0.13326
0.13326
0.13355
0.13355
0.13375
0.13375
0.13384
0.13384
0.13422
0.13422
0.13463
0.13463
0.1347
0.1347
0.13495
0.13495
0.1352
0.13523
0.13523
0.13563
0.13563
0.13599
0.13599
0.13622
0.13622
0.13631
0.13631
0.13662
0.13662
0.13673
0.13673
0.13735
0.13735
0.13747
0.13747
0.13755
0.13755
0.13833
0.13833
0.1386
0.13872
0.13872
0.13878
0.13878
0.13897
0.13897
0.14002
0.14002
0.14002
0.14002
0.14025
0.14025
0.14048
0.14048
0.14056
0.14056
0.14089
0.14089
0.14152
0.14152
0.14181
0.14181
0.14208
0.14208
0.14263
0.14263
0.14291
0.14369
0.14369
0.14375
0.14375
0.1446
0.1446
0.1448
0.1448
0.14536
0.14536
0.14567
0.14567
0.14569
0.14569
0.14708
0.14708
0.14778
0.14778
0.14792
0.14792
0.14819
0.14949
0.14949
0.15051
0.15051
0.15058
0.15058
0.15081
0.15081
0.15111
0.15111
0.15169
0.15169
0.15204
0.15204
0.15247
0.15336
0.15336
0.15407
0.15407
0.15429
0.15552
0.15552
0.15563
0.15563
0.15635
0.15635
0.15709
0.15709
0.15738
0.15738
0.15859
0.15859
0.15924
0.15924
0.15965
0.15965
0.1602
0.16027
0.16027
0.1603
0.1603
0.1614
0.16215
0.16215
0.1628
0.1628
0.16299
0.16299
0.16305
0.16305
0.16307
0.16307
0.16522
0.16522
0.16562
0.16562
0.16774
0.16774
0.17148
0.17148
0.17321
0.17321
0.17504
0.176
0.176
0.1772
0.1772
0.18224
0.18224
0.18319
0.18319
0.18395
0.18395
0.18638
0.18638
0.18678
0.18678
0.18946
0.18946
0.19145
0.19145
0.1929
0.1929
0.1983
0.1983
0.19833
0.19833
0.2001
0.20228
0.20228
0.2044
0.2044
0.20942
0.20942
0.20957
0.20957
0.21117
0.21117
0.21314
0.21314
0.21325
0.21325
0.21939
0.21939
0.22052
0.22052
0.22621
0.22621
0.22668
0.22668
0.22812
0.231
0.231
0.23276
0.23276
0.23727
0.23727
0.23892
0.23892
0.24077
0.24077
0.24294
0.24294
0.24954
0.24954
0.25121
0.25121
0.25692
0.25692
0.25763
0.25763
0.25979
0.26246
0.26246
0.26283
0.26283
0.27203
0.27203
0.2734
0.2734
0.27674
0.27674
0.28244
0.28244
0.28587
0.28587
0.28932
0.28932
0.29363
0.29363
0.29626
0.2987
0.2987
0.30989
0.30989
0.31017
0.31017
0.31609
0.31609
0.31859
0.31859
0.32587
0.32587
0.33597
0.33597
0.33942
0.33994
0.33994
0.3512
0.3512
0.35537
0.35537
0.36345
0.36345
0.37337
0.37337
0.38769
0.38769
0.38838
0.38838
0.39262
0.41115
0.41115
0.42322
0.42322
0.43182
0.43182
0.4544
0.4544
0.4622
0.48396
0.48396
0.50441
0.50441
0.54831
0.54831
0.56252
0.63008
0.63008
0.73902
